2024-07-09 10:46:04.935042: I tensorflow/stream_executor/platform/default/dso_loader.cc:42] Successfully opened dynamic library libcudart.so.10.1
Loading BERT configs...
Loading PyTorch model...
Constructing SUT...
Finished constructing SUT.
Constructing QSL...
Loading cached features from 'eval_features.pickle'...
Finished constructing QSL.
Running LoadGen test...

 *********************

 input_ids [101, 2029, 5088, 2136, 3421, 1996, 10511, 2012, 3565, 4605, 2753, 1029, 102, 3565, 4605, 2753, 2001, 2019, 2137, 2374, 2208, 2000, 5646, 1996, 3410, 1997, 1996, 2120, 2374, 2223, 1006, 5088, 1007, 2005, 1996, 2325, 2161, 1012, 1996, 2137, 2374, 3034, 1006, 10511, 1007, 3410, 7573, 14169, 3249, 1996, 2120, 2374, 3034, 1006, 22309, 1007, 3410, 3792, 12915, 2484, 1516, 2184, 2000, 7796, 2037, 2353, 3565, 4605, 2516, 1012, 1996, 2208, 2001, 2209, 2006, 2337, 1021, 1010, 2355, 1010, 2012, 11902, 1005, 1055, 3346, 1999, 1996, 2624, 3799, 3016, 2181, 2012, 4203, 10254, 1010, 2662, 1012, 2004, 2023, 2001, 1996, 12951, 3565, 4605, 1010, 1996, 2223, 13155, 1996, 1000, 3585, 5315, 1000, 2007, 2536, 2751, 1011, 11773, 11107, 1010, 2004, 2092, 2004, 8184, 28324, 2075, 1996, 4535, 1997, 10324, 2169, 3565, 4605, 2208, 2007, 3142, 16371, 28990, 2015, 1006, 2104, 2029, 1996, 2208, 2052, 2031, 2042, 2124, 2004, 1000, 3565, 4605, 1048, 1000, 1007, 1010, 2061, 2008, 1996, 8154, 2071, 14500, 3444, 1996, 5640, 16371, 28990, 2015, 2753, 1012, 102, 0, 0, 0, 0, 0, 0, 0, 0, 0, 0, 0, 0, 0, 0, 0, 0, 0, 0, 0, 0, 0, 0, 0, 0, 0, 0, 0, 0, 0, 0, 0, 0, 0, 0, 0, 0, 0, 0, 0, 0, 0, 0, 0, 0, 0, 0, 0, 0, 0, 0, 0, 0, 0, 0, 0, 0, 0, 0, 0, 0, 0, 0, 0, 0, 0, 0, 0, 0, 0, 0, 0, 0, 0, 0, 0, 0, 0, 0, 0, 0, 0, 0, 0, 0, 0, 0, 0, 0, 0, 0, 0, 0, 0, 0, 0, 0, 0, 0, 0, 0, 0, 0, 0, 0, 0, 0, 0, 0, 0, 0, 0, 0, 0, 0, 0, 0, 0, 0, 0, 0, 0, 0, 0, 0, 0, 0, 0, 0, 0, 0, 0, 0, 0, 0, 0, 0, 0, 0, 0, 0, 0, 0, 0, 0, 0, 0, 0, 0, 0, 0, 0, 0, 0, 0, 0, 0, 0, 0, 0, 0, 0, 0, 0, 0, 0, 0, 0, 0, 0, 0, 0, 0, 0, 0, 0, 0, 0, 0, 0, 0, 0, 0, 0, 0, 0, 0, 0, 0, 0, 0, 0, 0, 0, 0, 0, 0, 0, 0, 0, 0, 0, 0, 0, 0, 0, 0, 0, 0, 0, 0, 0, 0, 0]

 input_mask [1, 1, 1, 1, 1, 1, 1, 1, 1, 1, 1, 1, 1, 1, 1, 1, 1, 1, 1, 1, 1, 1, 1, 1, 1, 1, 1, 1, 1, 1, 1, 1, 1, 1, 1, 1, 1, 1, 1, 1, 1, 1, 1, 1, 1, 1, 1, 1, 1, 1, 1, 1, 1, 1, 1, 1, 1, 1, 1, 1, 1, 1, 1, 1, 1, 1, 1, 1, 1, 1, 1, 1, 1, 1, 1, 1, 1, 1, 1, 1, 1, 1, 1, 1, 1, 1, 1, 1, 1, 1, 1, 1, 1, 1, 1, 1, 1, 1, 1, 1, 1, 1, 1, 1, 1, 1, 1, 1, 1, 1, 1, 1, 1, 1, 1, 1, 1, 1, 1, 1, 1, 1, 1, 1, 1, 1, 1, 1, 1, 1, 1, 1, 1, 1, 1, 1, 1, 1, 1, 1, 1, 1, 1, 1, 1, 1, 1, 1, 1, 1, 1, 1, 1, 1, 1, 1, 1, 1, 1, 1, 1, 1, 1, 1, 1, 1, 1, 1, 1, 1, 1, 0, 0, 0, 0, 0, 0, 0, 0, 0, 0, 0, 0, 0, 0, 0, 0, 0, 0, 0, 0, 0, 0, 0, 0, 0, 0, 0, 0, 0, 0, 0, 0, 0, 0, 0, 0, 0, 0, 0, 0, 0, 0, 0, 0, 0, 0, 0, 0, 0, 0, 0, 0, 0, 0, 0, 0, 0, 0, 0, 0, 0, 0, 0, 0, 0, 0, 0, 0, 0, 0, 0, 0, 0, 0, 0, 0, 0, 0, 0, 0, 0, 0, 0, 0, 0, 0, 0, 0, 0, 0, 0, 0, 0, 0, 0, 0, 0, 0, 0, 0, 0, 0, 0, 0, 0, 0, 0, 0, 0, 0, 0, 0, 0, 0, 0, 0, 0, 0, 0, 0, 0, 0, 0, 0, 0, 0, 0, 0, 0, 0, 0, 0, 0, 0, 0, 0, 0, 0, 0, 0, 0, 0, 0, 0, 0, 0, 0, 0, 0, 0, 0, 0, 0, 0, 0, 0, 0, 0, 0, 0, 0, 0, 0, 0, 0, 0, 0, 0, 0, 0, 0, 0, 0, 0, 0, 0, 0, 0, 0, 0, 0, 0, 0, 0, 0, 0, 0, 0, 0, 0, 0, 0, 0, 0, 0, 0, 0, 0, 0, 0, 0, 0, 0, 0, 0, 0, 0, 0, 0, 0, 0, 0, 0]

 start_scores tensor([[-7.6585, -7.4857, -7.8858, -8.5332, -8.8230, -8.1282, -7.9024, -8.9870,
         -7.2413, -9.2782, -7.9628, -9.7040, -8.9069, -3.6849, -6.9498, -5.4051,
         -7.9251, -8.0354, -5.6188, -6.3653, -7.4145, -7.6998, -7.2193, -6.4216,
         -6.3905, -9.3284, -5.6853, -4.3655, -4.9914, -5.8512, -6.4338, -4.3017,
         -7.0000, -7.5310, -6.6995, -4.2976, -6.5436, -5.6910,  0.7422,  0.3379,
         -3.5421, -3.4750, -1.9406, -0.7097, -3.9124, -1.8907,  5.6649,  1.1486,
         -6.9041, -4.0834, -3.8199, -6.2548, -7.3375, -5.0617, -4.6752, -7.7652,
         -6.8683,  0.0908, -2.4388, -6.6888, -7.1148, -6.8881, -6.3563, -6.7413,
         -7.5287, -7.5061, -6.1182, -7.8321, -8.1332, -6.6546, -5.7224, -7.3813,
         -8.6908, -8.5954, -7.6480, -5.6970, -6.5917, -8.0718, -4.7408, -7.5942,
         -8.4856, -5.9388, -9.0040, -8.8718, -6.8463, -8.8802, -8.1440, -5.5284,
         -6.7695, -7.8722, -8.0583, -8.9415, -5.5423, -7.2553, -7.8412, -5.8892,
         -6.7406, -9.0880, -8.2039, -9.0782, -8.3078, -6.4406, -7.1486, -8.3135,
         -8.9369, -7.9522, -8.5385, -9.2344, -8.7425, -7.6176, -7.3871, -8.9237,
         -9.3761, -9.4189, -8.7936, -8.1601, -9.3746, -8.9851, -9.4324, -9.4922,
         -8.9804, -9.8066, -9.6371, -8.8697, -8.9037, -9.5693, -9.1149, -9.2538,
         -9.7010, -8.6800, -8.7640, -7.4024, -8.9886, -8.9249, -8.9429, -6.4592,
         -7.0255, -8.5052, -8.2939, -8.5998, -8.7213, -9.2171, -8.6090, -8.8748,
         -9.4820, -9.7188, -9.6594, -9.5133, -9.3584, -8.1641, -5.8751, -9.0326,
         -8.6607, -9.4832, -9.0256, -9.0159, -9.1657, -9.0387, -7.9669, -8.2906,
         -9.4185, -8.8842, -8.7878, -8.4529, -7.4533, -7.1841, -8.5724, -8.7434,
         -7.2978, -6.2826, -9.1263, -9.9646, -9.9978, -9.8900, -9.9047, -9.9340,
         -9.9016, -9.9215, -9.9629, -9.9264, -9.9280, -9.9799, -9.9311, -9.9451,
         -9.9306, -9.9527, -9.9389, -9.9670, -9.9259, -9.9327, -9.9352, -9.9828,
         -9.9431, -9.9409, -9.9700, -9.8859, -9.9023, -9.9121, -9.9150, -9.9031,
         -9.8998, -9.9400, -9.9126, -9.9316, -9.9342, -9.9524, -9.9522, -9.9493,
         -9.9889, -9.9862, -9.9627, -9.9699, -9.9165, -9.8747, -9.9257, -9.9215,
         -9.9304, -9.9428, -9.9729, -9.9633, -9.9522, -9.9683, -9.9199, -9.8972,
         -9.9057, -9.9043, -9.9169, -9.8979, -9.9030, -9.9543, -9.8916, -9.9033,
         -9.9193, -9.9284, -9.9091, -9.9007, -9.9826, -9.9471, -9.9701, -9.9743,
         -9.8993, -9.9406, -9.9216, -9.9310, -9.9450, -9.9890, -9.9738, -9.9734,
         -9.9966, -9.9138, -9.9298, -9.9261, -9.9226, -9.9239, -9.9288, -9.9459,
         -9.9123, -9.9228, -9.9158, -9.9471, -9.9407, -9.9512, -9.9666, -9.9212,
         -9.9596, -9.8984, -9.9076, -9.9160, -9.9304, -9.9120, -9.9122, -9.9521,
         -9.9216, -9.9318, -9.9619, -9.9591, -9.9653, -9.9897, -9.9022, -9.9198,
         -9.9161, -9.9333, -9.9285, -9.9444, -9.9669, -9.9216, -9.9367, -9.9401,
         -9.9486, -9.9528, -9.9525, -9.9503, -9.9642, -9.9242, -9.9189, -9.9191,
         -9.9342, -9.9289, -9.9061, -9.9515, -9.9661, -9.9323, -9.9363, -9.9578,
         -9.9157, -9.9189, -9.9489, -9.9339, -9.9222, -9.9623, -9.9173, -9.9479,
         -9.9524, -9.9696, -9.9666, -9.9839, -9.9874, -9.9354, -9.9426, -9.9233,
         -9.9217, -9.9218, -9.9256, -9.9256, -9.9114, -9.9241, -9.9438, -9.9440,
         -9.9497, -9.9621, -9.9687, -9.9588, -9.9757, -9.9033, -9.9109, -9.9161,
         -9.9444, -9.9474, -9.9728, -9.9928, -9.9612, -9.9581, -9.9007, -9.9142,
         -9.9184, -9.9462, -9.8987, -9.9076, -9.9560, -9.9468, -9.9223, -9.9541,
         -9.9694, -9.9404, -9.9928, -9.9659, -9.9569, -9.9563, -9.9404, -9.9469,
         -9.9517, -9.9804, -9.9353, -9.9449, -9.9408, -9.9786, -9.9673, -9.9472,
         -9.9662, -9.9422, -9.9400, -9.9701, -9.9130, -9.9036, -9.9188, -9.9544,
         -9.9268, -9.9082, -9.9555, -9.9270, -9.9286, -9.9154, -9.9744, -9.9487]],
       device='cuda:0')

 *********************

 input_ids [101, 2073, 2106, 3565, 4605, 2753, 2202, 2173, 1029, 102, 3565, 4605, 2753, 2001, 2019, 2137, 2374, 2208, 2000, 5646, 1996, 3410, 1997, 1996, 2120, 2374, 2223, 1006, 5088, 1007, 2005, 1996, 2325, 2161, 1012, 1996, 2137, 2374, 3034, 1006, 10511, 1007, 3410, 7573, 14169, 3249, 1996, 2120, 2374, 3034, 1006, 22309, 1007, 3410, 3792, 12915, 2484, 1516, 2184, 2000, 7796, 2037, 2353, 3565, 4605, 2516, 1012, 1996, 2208, 2001, 2209, 2006, 2337, 1021, 1010, 2355, 1010, 2012, 11902, 1005, 1055, 3346, 1999, 1996, 2624, 3799, 3016, 2181, 2012, 4203, 10254, 1010, 2662, 1012, 2004, 2023, 2001, 1996, 12951, 3565, 4605, 1010, 1996, 2223, 13155, 1996, 1000, 3585, 5315, 1000, 2007, 2536, 2751, 1011, 11773, 11107, 1010, 2004, 2092, 2004, 8184, 28324, 2075, 1996, 4535, 1997, 10324, 2169, 3565, 4605, 2208, 2007, 3142, 16371, 28990, 2015, 1006, 2104, 2029, 1996, 2208, 2052, 2031, 2042, 2124, 2004, 1000, 3565, 4605, 1048, 1000, 1007, 1010, 2061, 2008, 1996, 8154, 2071, 14500, 3444, 1996, 5640, 16371, 28990, 2015, 2753, 1012, 102, 0, 0, 0, 0, 0, 0, 0, 0, 0, 0, 0, 0, 0, 0, 0, 0, 0, 0, 0, 0, 0, 0, 0, 0, 0, 0, 0, 0, 0, 0, 0, 0, 0, 0, 0, 0, 0, 0, 0, 0, 0, 0, 0, 0, 0, 0, 0, 0, 0, 0, 0, 0, 0, 0, 0, 0, 0, 0, 0, 0, 0, 0, 0, 0, 0, 0, 0, 0, 0, 0, 0, 0, 0, 0, 0, 0, 0, 0, 0, 0, 0, 0, 0, 0, 0, 0, 0, 0, 0, 0, 0, 0, 0, 0, 0, 0, 0, 0, 0, 0, 0, 0, 0, 0, 0, 0, 0, 0, 0, 0, 0, 0, 0, 0, 0, 0, 0, 0, 0, 0, 0, 0, 0, 0, 0, 0, 0, 0, 0, 0, 0, 0, 0, 0, 0, 0, 0, 0, 0, 0, 0, 0, 0, 0, 0, 0, 0, 0, 0, 0, 0, 0, 0, 0, 0, 0, 0, 0, 0, 0, 0, 0, 0, 0, 0, 0, 0, 0, 0, 0, 0, 0, 0, 0, 0, 0, 0, 0, 0, 0, 0, 0, 0, 0, 0, 0, 0, 0, 0, 0, 0, 0, 0, 0, 0, 0, 0, 0, 0, 0, 0, 0, 0, 0, 0, 0, 0, 0, 0, 0, 0, 0, 0, 0, 0, 0]

 input_mask [1, 1, 1, 1, 1, 1, 1, 1, 1, 1, 1, 1, 1, 1, 1, 1, 1, 1, 1, 1, 1, 1, 1, 1, 1, 1, 1, 1, 1, 1, 1, 1, 1, 1, 1, 1, 1, 1, 1, 1, 1, 1, 1, 1, 1, 1, 1, 1, 1, 1, 1, 1, 1, 1, 1, 1, 1, 1, 1, 1, 1, 1, 1, 1, 1, 1, 1, 1, 1, 1, 1, 1, 1, 1, 1, 1, 1, 1, 1, 1, 1, 1, 1, 1, 1, 1, 1, 1, 1, 1, 1, 1, 1, 1, 1, 1, 1, 1, 1, 1, 1, 1, 1, 1, 1, 1, 1, 1, 1, 1, 1, 1, 1, 1, 1, 1, 1, 1, 1, 1, 1, 1, 1, 1, 1, 1, 1, 1, 1, 1, 1, 1, 1, 1, 1, 1, 1, 1, 1, 1, 1, 1, 1, 1, 1, 1, 1, 1, 1, 1, 1, 1, 1, 1, 1, 1, 1, 1, 1, 1, 1, 1, 1, 1, 1, 1, 1, 1, 0, 0, 0, 0, 0, 0, 0, 0, 0, 0, 0, 0, 0, 0, 0, 0, 0, 0, 0, 0, 0, 0, 0, 0, 0, 0, 0, 0, 0, 0, 0, 0, 0, 0, 0, 0, 0, 0, 0, 0, 0, 0, 0, 0, 0, 0, 0, 0, 0, 0, 0, 0, 0, 0, 0, 0, 0, 0, 0, 0, 0, 0, 0, 0, 0, 0, 0, 0, 0, 0, 0, 0, 0, 0, 0, 0, 0, 0, 0, 0, 0, 0, 0, 0, 0, 0, 0, 0, 0, 0, 0, 0, 0, 0, 0, 0, 0, 0, 0, 0, 0, 0, 0, 0, 0, 0, 0, 0, 0, 0, 0, 0, 0, 0, 0, 0, 0, 0, 0, 0, 0, 0, 0, 0, 0, 0, 0, 0, 0, 0, 0, 0, 0, 0, 0, 0, 0, 0, 0, 0, 0, 0, 0, 0, 0, 0, 0, 0, 0, 0, 0, 0, 0, 0, 0, 0, 0, 0, 0, 0, 0, 0, 0, 0, 0, 0, 0, 0, 0, 0, 0, 0, 0, 0, 0, 0, 0, 0, 0, 0, 0, 0, 0, 0, 0, 0, 0, 0, 0, 0, 0, 0, 0, 0, 0, 0, 0, 0, 0, 0, 0, 0, 0, 0, 0, 0, 0, 0, 0, 0, 0, 0, 0, 0, 0, 0]

 start_scores tensor([[-8.9728, -8.1282, -9.1784, -8.8712, -9.7035, -9.4958, -9.2156, -9.3972,
         -9.7820, -9.1425, -3.7057, -7.5754, -6.6390, -8.9789, -7.7730, -5.6402,
         -7.6928, -7.5008, -6.8560, -6.7691, -7.0782, -6.4250, -9.1332, -7.2648,
         -5.4043, -7.1661, -7.3543, -7.2356, -6.4026, -8.0067, -7.6210, -7.3496,
         -5.2166, -7.2093, -6.6284, -5.2312, -4.9023, -7.7286, -8.3105, -6.6970,
         -7.2247, -8.6001, -7.5626, -2.9552, -7.3710, -8.2962, -6.5294, -5.4894,
         -7.7959, -8.4117, -5.9861, -7.4292, -8.6959, -8.1221, -2.8695, -6.9209,
         -7.7913, -7.8076, -8.3048, -7.7026, -7.7341, -8.6852, -8.1598, -5.9781,
         -8.3652, -8.9633, -6.1772,  0.6320, -2.9444, -3.3511, -2.9461, -3.3523,
         -2.0801, -4.9100, -5.5501, -2.8900, -3.1814,  2.4399,  5.1027, -8.7064,
         -5.1321, -3.4078, -0.8915,  0.6566,  4.2977, -2.6589, -3.9168, -3.7844,
         -2.6392,  5.3690, -3.5906, -4.5235, -3.0723, -4.8604, -8.4875, -5.9300,
         -8.6510, -7.1813, -5.6784, -6.1607, -8.5126, -8.6893, -7.9281, -8.9630,
         -9.2187, -8.7337, -7.9421, -7.6119, -9.0989, -9.4828, -9.1944, -8.6951,
         -8.7483, -9.4277, -8.9570, -9.5146, -9.6462, -8.7943, -9.7696, -9.6023,
         -9.0193, -8.9629, -9.5970, -9.2480, -9.3842, -9.6801, -8.7706, -8.9461,
         -7.9300, -9.5453, -9.3618, -8.9648, -7.7644, -8.5012, -9.4239, -9.3199,
         -9.1657, -9.0336, -9.5225, -8.8615, -9.1784, -9.6036, -9.7678, -9.7005,
         -9.5723, -9.4506, -8.4668, -6.9641, -9.4279, -9.3050, -9.7742, -9.5737,
         -9.3748, -9.2522, -9.2950, -8.3895, -8.8968, -9.5993, -9.2536, -9.0241,
         -9.0796, -8.6359, -8.4381, -9.3972, -9.3294, -8.6705, -5.1865, -8.8196,
         -9.8667, -9.8681, -9.8756, -9.8622, -9.8702, -9.8692, -9.8669, -9.8656,
         -9.8693, -9.8760, -9.8720, -9.8747, -9.8747, -9.8743, -9.8750, -9.8719,
         -9.8667, -9.8742, -9.8744, -9.8743, -9.8811, -9.8752, -9.8710, -9.8614,
         -9.8686, -9.8608, -9.8557, -9.8626, -9.8678, -9.8650, -9.8699, -9.8853,
         -9.8742, -9.8738, -9.8712, -9.8731, -9.8694, -9.8717, -9.8725, -9.8713,
         -9.8661, -9.8705, -9.8646, -9.8641, -9.8685, -9.8727, -9.8703, -9.8715,
         -9.8757, -9.8766, -9.8725, -9.8716, -9.8696, -9.8670, -9.8711, -9.8726,
         -9.8738, -9.8763, -9.8719, -9.8747, -9.8791, -9.8756, -9.8703, -9.8739,
         -9.8693, -9.8680, -9.8822, -9.8668, -9.8644, -9.8680, -9.8629, -9.8662,
         -9.8679, -9.8693, -9.8704, -9.8742, -9.8711, -9.8724, -9.8725, -9.8694,
         -9.8747, -9.8737, -9.8719, -9.8699, -9.8690, -9.8768, -9.8764, -9.8787,
         -9.8754, -9.8766, -9.8749, -9.8815, -9.8801, -9.8646, -9.8646, -9.8684,
         -9.8607, -9.8654, -9.8721, -9.8646, -9.8687, -9.8754, -9.8709, -9.8706,
         -9.8677, -9.8671, -9.8652, -9.8685, -9.8645, -9.8628, -9.8719, -9.8693,
         -9.8764, -9.8682, -9.8704, -9.8714, -9.8701, -9.8708, -9.8744, -9.8726,
         -9.8737, -9.8679, -9.8675, -9.8685, -9.8634, -9.8746, -9.8739, -9.8696,
         -9.8708, -9.8913, -9.8707, -9.8602, -9.8616, -9.8654, -9.8607, -9.8621,
         -9.8725, -9.8685, -9.8664, -9.8747, -9.8704, -9.8738, -9.8718, -9.8737,
         -9.8746, -9.8734, -9.8682, -9.8688, -9.8684, -9.8687, -9.8717, -9.8763,
         -9.8755, -9.8752, -9.8798, -9.8750, -9.8846, -9.8767, -9.8727, -9.8875,
         -9.8680, -9.8526, -9.8603, -9.8657, -9.8642, -9.8713, -9.8682, -9.8770,
         -9.8784, -9.8735, -9.8823, -9.8739, -9.8756, -9.8708, -9.8795, -9.8793,
         -9.8748, -9.8760, -9.8940, -9.8780, -9.8748, -9.8828, -9.8709, -9.8729,
         -9.8891, -9.8767, -9.8757, -9.8801, -9.8813, -9.8808, -9.8828, -9.8834,
         -9.8856, -9.8855, -9.8879, -9.8856, -9.8811, -9.8947, -9.9109, -9.8779,
         -9.8575, -9.8629, -9.8716, -9.8695, -9.8825, -9.8764, -9.8681, -9.8643,
         -9.8807, -9.8820, -9.8819, -9.8854, -9.8908, -9.8844, -9.8929, -9.8871]],
       device='cuda:0')

 *********************

 input_ids [101, 2029, 5088, 2136, 3421, 1996, 22309, 2012, 3565, 4605, 2753, 1029, 102, 3565, 4605, 2753, 2001, 2019, 2137, 2374, 2208, 2000, 5646, 1996, 3410, 1997, 1996, 2120, 2374, 2223, 1006, 5088, 1007, 2005, 1996, 2325, 2161, 1012, 1996, 2137, 2374, 3034, 1006, 10511, 1007, 3410, 7573, 14169, 3249, 1996, 2120, 2374, 3034, 1006, 22309, 1007, 3410, 3792, 12915, 2484, 1516, 2184, 2000, 7796, 2037, 2353, 3565, 4605, 2516, 1012, 1996, 2208, 2001, 2209, 2006, 2337, 1021, 1010, 2355, 1010, 2012, 11902, 1005, 1055, 3346, 1999, 1996, 2624, 3799, 3016, 2181, 2012, 4203, 10254, 1010, 2662, 1012, 2004, 2023, 2001, 1996, 12951, 3565, 4605, 1010, 1996, 2223, 13155, 1996, 1000, 3585, 5315, 1000, 2007, 2536, 2751, 1011, 11773, 11107, 1010, 2004, 2092, 2004, 8184, 28324, 2075, 1996, 4535, 1997, 10324, 2169, 3565, 4605, 2208, 2007, 3142, 16371, 28990, 2015, 1006, 2104, 2029, 1996, 2208, 2052, 2031, 2042, 2124, 2004, 1000, 3565, 4605, 1048, 1000, 1007, 1010, 2061, 2008, 1996, 8154, 2071, 14500, 3444, 1996, 5640, 16371, 28990, 2015, 2753, 1012, 102, 0, 0, 0, 0, 0, 0, 0, 0, 0, 0, 0, 0, 0, 0, 0, 0, 0, 0, 0, 0, 0, 0, 0, 0, 0, 0, 0, 0, 0, 0, 0, 0, 0, 0, 0, 0, 0, 0, 0, 0, 0, 0, 0, 0, 0, 0, 0, 0, 0, 0, 0, 0, 0, 0, 0, 0, 0, 0, 0, 0, 0, 0, 0, 0, 0, 0, 0, 0, 0, 0, 0, 0, 0, 0, 0, 0, 0, 0, 0, 0, 0, 0, 0, 0, 0, 0, 0, 0, 0, 0, 0, 0, 0, 0, 0, 0, 0, 0, 0, 0, 0, 0, 0, 0, 0, 0, 0, 0, 0, 0, 0, 0, 0, 0, 0, 0, 0, 0, 0, 0, 0, 0, 0, 0, 0, 0, 0, 0, 0, 0, 0, 0, 0, 0, 0, 0, 0, 0, 0, 0, 0, 0, 0, 0, 0, 0, 0, 0, 0, 0, 0, 0, 0, 0, 0, 0, 0, 0, 0, 0, 0, 0, 0, 0, 0, 0, 0, 0, 0, 0, 0, 0, 0, 0, 0, 0, 0, 0, 0, 0, 0, 0, 0, 0, 0, 0, 0, 0, 0, 0, 0, 0, 0, 0, 0, 0, 0, 0, 0, 0, 0, 0, 0, 0, 0, 0, 0, 0, 0, 0, 0, 0, 0]

 input_mask [1, 1, 1, 1, 1, 1, 1, 1, 1, 1, 1, 1, 1, 1, 1, 1, 1, 1, 1, 1, 1, 1, 1, 1, 1, 1, 1, 1, 1, 1, 1, 1, 1, 1, 1, 1, 1, 1, 1, 1, 1, 1, 1, 1, 1, 1, 1, 1, 1, 1, 1, 1, 1, 1, 1, 1, 1, 1, 1, 1, 1, 1, 1, 1, 1, 1, 1, 1, 1, 1, 1, 1, 1, 1, 1, 1, 1, 1, 1, 1, 1, 1, 1, 1, 1, 1, 1, 1, 1, 1, 1, 1, 1, 1, 1, 1, 1, 1, 1, 1, 1, 1, 1, 1, 1, 1, 1, 1, 1, 1, 1, 1, 1, 1, 1, 1, 1, 1, 1, 1, 1, 1, 1, 1, 1, 1, 1, 1, 1, 1, 1, 1, 1, 1, 1, 1, 1, 1, 1, 1, 1, 1, 1, 1, 1, 1, 1, 1, 1, 1, 1, 1, 1, 1, 1, 1, 1, 1, 1, 1, 1, 1, 1, 1, 1, 1, 1, 1, 1, 1, 1, 0, 0, 0, 0, 0, 0, 0, 0, 0, 0, 0, 0, 0, 0, 0, 0, 0, 0, 0, 0, 0, 0, 0, 0, 0, 0, 0, 0, 0, 0, 0, 0, 0, 0, 0, 0, 0, 0, 0, 0, 0, 0, 0, 0, 0, 0, 0, 0, 0, 0, 0, 0, 0, 0, 0, 0, 0, 0, 0, 0, 0, 0, 0, 0, 0, 0, 0, 0, 0, 0, 0, 0, 0, 0, 0, 0, 0, 0, 0, 0, 0, 0, 0, 0, 0, 0, 0, 0, 0, 0, 0, 0, 0, 0, 0, 0, 0, 0, 0, 0, 0, 0, 0, 0, 0, 0, 0, 0, 0, 0, 0, 0, 0, 0, 0, 0, 0, 0, 0, 0, 0, 0, 0, 0, 0, 0, 0, 0, 0, 0, 0, 0, 0, 0, 0, 0, 0, 0, 0, 0, 0, 0, 0, 0, 0, 0, 0, 0, 0, 0, 0, 0, 0, 0, 0, 0, 0, 0, 0, 0, 0, 0, 0, 0, 0, 0, 0, 0, 0, 0, 0, 0, 0, 0, 0, 0, 0, 0, 0, 0, 0, 0, 0, 0, 0, 0, 0, 0, 0, 0, 0, 0, 0, 0, 0, 0, 0, 0, 0, 0, 0, 0, 0, 0, 0, 0, 0, 0, 0, 0, 0, 0, 0]

 start_scores tensor([[ -6.9448,  -7.7733,  -7.9560,  -8.3537,  -8.5848,  -6.8402,  -7.0653,
          -9.1441,  -5.9821,  -8.4260,  -6.8973,  -9.4060,  -8.6368,  -4.2375,
          -6.9505,  -5.0280,  -7.9141,  -8.3425,  -5.9380,  -6.5441,  -7.2230,
          -7.8269,  -7.5713,  -6.2268,  -6.5751,  -9.1166,  -5.6268,  -4.8507,
          -5.4980,  -6.0910,  -6.1858,  -4.1764,  -6.7455,  -6.9916,  -5.9682,
          -4.5462,  -6.4116,  -5.7407,  -3.3024,  -4.0990,  -5.8733,  -6.9065,
          -5.0185,  -5.2668,  -7.6793,  -6.1065,  -1.2679,  -3.8339,  -6.5577,
          -1.9210,  -0.7624,  -4.2547,  -4.3161,  -2.0922,  -1.2854,  -4.6515,
          -3.8302,   6.8866,   2.2482,  -6.1305,  -6.6558,  -6.5140,  -6.3828,
          -6.7942,  -6.7161,  -6.7816,  -5.3428,  -7.2114,  -7.9322,  -5.9653,
          -5.3326,  -6.6818,  -8.4024,  -8.1764,  -7.2210,  -5.3105,  -5.8486,
          -7.4649,  -4.3344,  -7.1008,  -8.1057,  -5.3881,  -8.1867,  -8.3958,
          -6.2316,  -8.4295,  -7.3040,  -5.0300,  -6.1247,  -7.2136,  -7.4995,
          -8.0610,  -4.9116,  -6.5234,  -7.3209,  -5.3702,  -6.0114,  -8.6750,
          -7.5646,  -8.8063,  -7.6583,  -5.8984,  -5.9804,  -7.4565,  -8.2195,
          -7.0654,  -7.5160,  -8.8877,  -7.7201,  -6.6928,  -6.1000,  -7.8855,
          -8.6021,  -9.2298,  -8.2256,  -7.0774,  -8.6598,  -8.2005,  -9.0467,
          -9.0810,  -8.5879,  -9.7473,  -9.5430,  -8.5410,  -8.6296,  -9.3219,
          -8.7740,  -8.9750,  -9.6219,  -8.3215,  -8.3522,  -6.1220,  -8.2700,
          -8.2898,  -8.7251,  -5.8008,  -6.1485,  -7.6535,  -7.5468,  -8.1632,
          -7.8292,  -8.8258,  -7.5899,  -8.1192,  -9.1688,  -9.5101,  -9.4463,
          -9.2562,  -9.0514,  -7.4694,  -4.8418,  -8.5136,  -7.8766,  -9.0418,
          -8.0512,  -8.3277,  -8.7369,  -8.3338,  -6.6293,  -7.6210,  -9.0140,
          -8.1069,  -7.9524,  -7.1156,  -6.5389,  -6.1708,  -7.7041,  -7.9042,
          -6.0351,  -6.2276,  -8.6537, -10.0039, -10.0313,  -9.9245,  -9.9513,
          -9.9741,  -9.9480,  -9.9805,  -9.9994,  -9.9668,  -9.9699, -10.0182,
          -9.9931,  -9.9889,  -9.9756,  -9.9938,  -9.9765, -10.0000,  -9.9732,
          -9.9769,  -9.9827, -10.0006,  -9.9891,  -9.9778, -10.0053,  -9.9124,
          -9.9454,  -9.9638,  -9.9573,  -9.9486,  -9.9439,  -9.9735,  -9.9611,
          -9.9787,  -9.9784,  -9.9939,  -9.9978, -10.0000, -10.0214, -10.0179,
          -9.9965, -10.0051,  -9.9501,  -9.9127,  -9.9703,  -9.9658,  -9.9742,
          -9.9845, -10.0084, -10.0011,  -9.9892, -10.0031,  -9.9555,  -9.9412,
          -9.9658,  -9.9556,  -9.9579,  -9.9404,  -9.9438,  -9.9879,  -9.9291,
          -9.9516,  -9.9798,  -9.9745,  -9.9642,  -9.9631, -10.0143,  -9.9841,
         -10.0019, -10.0049,  -9.9488,  -9.9906,  -9.9670,  -9.9849,  -9.9929,
         -10.0213, -10.0089, -10.0095, -10.0296,  -9.9511,  -9.9743,  -9.9716,
          -9.9682,  -9.9680,  -9.9690,  -9.9812,  -9.9741,  -9.9816,  -9.9762,
          -9.9832,  -9.9862,  -9.9931, -10.0034,  -9.9629,  -9.9958,  -9.9293,
          -9.9622,  -9.9682,  -9.9690,  -9.9606,  -9.9552,  -9.9872,  -9.9854,
          -9.9849,  -9.9938,  -9.9963, -10.0000, -10.0204,  -9.9376,  -9.9713,
          -9.9591,  -9.9736,  -9.9702,  -9.9849, -10.0010,  -9.9630,  -9.9815,
          -9.9928,  -9.9919,  -9.9946,  -9.9914,  -9.9901,  -9.9998,  -9.9648,
          -9.9635,  -9.9680,  -9.9815,  -9.9730,  -9.9555,  -9.9888, -10.0030,
          -9.9706,  -9.9718,  -9.9948,  -9.9652,  -9.9698,  -9.9823,  -9.9722,
          -9.9697,  -9.9952,  -9.9841,  -9.9920,  -9.9963, -10.0069, -10.0054,
         -10.0165, -10.0201,  -9.9732,  -9.9811,  -9.9672,  -9.9650,  -9.9745,
          -9.9663,  -9.9660,  -9.9520,  -9.9643,  -9.9924,  -9.9911,  -9.9953,
          -9.9982, -10.0063,  -9.9966, -10.0086,  -9.9341,  -9.9552,  -9.9594,
          -9.9871,  -9.9904, -10.0090, -10.0254,  -9.9942,  -9.9950,  -9.9408,
          -9.9626,  -9.9670,  -9.9823,  -9.9425,  -9.9482,  -9.9909,  -9.9912,
          -9.9706,  -9.9946, -10.0050,  -9.9951, -10.0244, -10.0045,  -9.9945,
          -9.9963,  -9.9818,  -9.9878,  -9.9892, -10.0189,  -9.9724,  -9.9831,
          -9.9790, -10.0085, -10.0036,  -9.9853, -10.0014,  -9.9796,  -9.9800,
         -10.0071,  -9.9490,  -9.9454,  -9.9582,  -9.9901,  -9.9673,  -9.9457,
          -9.9890,  -9.9641,  -9.9648,  -9.9551, -10.0098,  -9.9874]],
       device='cuda:0')

 *********************

 input_ids [101, 2054, 2001, 1996, 4323, 1997, 3565, 4605, 2753, 1029, 102, 3565, 4605, 2753, 2001, 2019, 2137, 2374, 2208, 2000, 5646, 1996, 3410, 1997, 1996, 2120, 2374, 2223, 1006, 5088, 1007, 2005, 1996, 2325, 2161, 1012, 1996, 2137, 2374, 3034, 1006, 10511, 1007, 3410, 7573, 14169, 3249, 1996, 2120, 2374, 3034, 1006, 22309, 1007, 3410, 3792, 12915, 2484, 1516, 2184, 2000, 7796, 2037, 2353, 3565, 4605, 2516, 1012, 1996, 2208, 2001, 2209, 2006, 2337, 1021, 1010, 2355, 1010, 2012, 11902, 1005, 1055, 3346, 1999, 1996, 2624, 3799, 3016, 2181, 2012, 4203, 10254, 1010, 2662, 1012, 2004, 2023, 2001, 1996, 12951, 3565, 4605, 1010, 1996, 2223, 13155, 1996, 1000, 3585, 5315, 1000, 2007, 2536, 2751, 1011, 11773, 11107, 1010, 2004, 2092, 2004, 8184, 28324, 2075, 1996, 4535, 1997, 10324, 2169, 3565, 4605, 2208, 2007, 3142, 16371, 28990, 2015, 1006, 2104, 2029, 1996, 2208, 2052, 2031, 2042, 2124, 2004, 1000, 3565, 4605, 1048, 1000, 1007, 1010, 2061, 2008, 1996, 8154, 2071, 14500, 3444, 1996, 5640, 16371, 28990, 2015, 2753, 1012, 102, 0, 0, 0, 0, 0, 0, 0, 0, 0, 0, 0, 0, 0, 0, 0, 0, 0, 0, 0, 0, 0, 0, 0, 0, 0, 0, 0, 0, 0, 0, 0, 0, 0, 0, 0, 0, 0, 0, 0, 0, 0, 0, 0, 0, 0, 0, 0, 0, 0, 0, 0, 0, 0, 0, 0, 0, 0, 0, 0, 0, 0, 0, 0, 0, 0, 0, 0, 0, 0, 0, 0, 0, 0, 0, 0, 0, 0, 0, 0, 0, 0, 0, 0, 0, 0, 0, 0, 0, 0, 0, 0, 0, 0, 0, 0, 0, 0, 0, 0, 0, 0, 0, 0, 0, 0, 0, 0, 0, 0, 0, 0, 0, 0, 0, 0, 0, 0, 0, 0, 0, 0, 0, 0, 0, 0, 0, 0, 0, 0, 0, 0, 0, 0, 0, 0, 0, 0, 0, 0, 0, 0, 0, 0, 0, 0, 0, 0, 0, 0, 0, 0, 0, 0, 0, 0, 0, 0, 0, 0, 0, 0, 0, 0, 0, 0, 0, 0, 0, 0, 0, 0, 0, 0, 0, 0, 0, 0, 0, 0, 0, 0, 0, 0, 0, 0, 0, 0, 0, 0, 0, 0, 0, 0, 0, 0, 0, 0, 0, 0, 0, 0, 0, 0, 0, 0, 0, 0, 0, 0, 0, 0, 0, 0, 0, 0]

 input_mask [1, 1, 1, 1, 1, 1, 1, 1, 1, 1, 1, 1, 1, 1, 1, 1, 1, 1, 1, 1, 1, 1, 1, 1, 1, 1, 1, 1, 1, 1, 1, 1, 1, 1, 1, 1, 1, 1, 1, 1, 1, 1, 1, 1, 1, 1, 1, 1, 1, 1, 1, 1, 1, 1, 1, 1, 1, 1, 1, 1, 1, 1, 1, 1, 1, 1, 1, 1, 1, 1, 1, 1, 1, 1, 1, 1, 1, 1, 1, 1, 1, 1, 1, 1, 1, 1, 1, 1, 1, 1, 1, 1, 1, 1, 1, 1, 1, 1, 1, 1, 1, 1, 1, 1, 1, 1, 1, 1, 1, 1, 1, 1, 1, 1, 1, 1, 1, 1, 1, 1, 1, 1, 1, 1, 1, 1, 1, 1, 1, 1, 1, 1, 1, 1, 1, 1, 1, 1, 1, 1, 1, 1, 1, 1, 1, 1, 1, 1, 1, 1, 1, 1, 1, 1, 1, 1, 1, 1, 1, 1, 1, 1, 1, 1, 1, 1, 1, 1, 1, 0, 0, 0, 0, 0, 0, 0, 0, 0, 0, 0, 0, 0, 0, 0, 0, 0, 0, 0, 0, 0, 0, 0, 0, 0, 0, 0, 0, 0, 0, 0, 0, 0, 0, 0, 0, 0, 0, 0, 0, 0, 0, 0, 0, 0, 0, 0, 0, 0, 0, 0, 0, 0, 0, 0, 0, 0, 0, 0, 0, 0, 0, 0, 0, 0, 0, 0, 0, 0, 0, 0, 0, 0, 0, 0, 0, 0, 0, 0, 0, 0, 0, 0, 0, 0, 0, 0, 0, 0, 0, 0, 0, 0, 0, 0, 0, 0, 0, 0, 0, 0, 0, 0, 0, 0, 0, 0, 0, 0, 0, 0, 0, 0, 0, 0, 0, 0, 0, 0, 0, 0, 0, 0, 0, 0, 0, 0, 0, 0, 0, 0, 0, 0, 0, 0, 0, 0, 0, 0, 0, 0, 0, 0, 0, 0, 0, 0, 0, 0, 0, 0, 0, 0, 0, 0, 0, 0, 0, 0, 0, 0, 0, 0, 0, 0, 0, 0, 0, 0, 0, 0, 0, 0, 0, 0, 0, 0, 0, 0, 0, 0, 0, 0, 0, 0, 0, 0, 0, 0, 0, 0, 0, 0, 0, 0, 0, 0, 0, 0, 0, 0, 0, 0, 0, 0, 0, 0, 0, 0, 0, 0, 0, 0, 0, 0]

 start_scores tensor([[ -8.9857,  -8.8379,  -9.3658,  -9.2467,  -8.8185,  -9.5723,  -8.5982,
          -9.6840,  -9.3621, -10.0412,  -9.4663,  -2.2443,  -6.9177,  -6.1759,
          -3.3901,   0.4133,  -2.8141,  -4.3301,  -3.5797,   2.5670,   1.0408,
           0.7123,   2.2347,  -5.4898,  -3.1388,  -0.4993,  -3.3497,  -4.3312,
          -4.4540,  -2.9950,  -4.8615,  -2.3080,  -0.9723,  -0.5046,  -3.0914,
          -4.4201,  -5.4378,  -4.9614,  -6.6238,  -7.8568,  -6.2451,  -6.8690,
          -8.5273,  -7.6323,  -4.5589,  -6.9050,  -8.5054,  -8.2088,  -6.5351,
          -8.1347,  -8.5575,  -7.7050,  -7.9140,  -9.0712,  -8.7933,  -5.9322,
          -7.8631,  -7.5833,  -8.0797,  -7.9159,  -6.5381,  -6.0696,  -8.0490,
          -6.7126,  -5.2131,  -8.0361,  -7.7810,  -6.4718,  -5.5493,  -7.9987,
          -9.0987,  -8.9082,  -8.8589,  -6.9313,  -7.6983,  -8.5859,  -5.5510,
          -7.9441,  -8.7234,  -5.5781,  -9.3915,  -9.1585,  -7.4605,  -8.8613,
          -8.0252,  -5.4533,  -7.2004,  -7.9956,  -8.3451,  -9.0056,  -5.2693,
          -8.0343,  -8.4162,  -6.6199,  -6.5415,  -6.2562,  -3.6543,  -5.6113,
          -3.2366,  -1.4147,  -4.3076,  -6.6163,  -6.9565,  -2.6598,  -6.1713,
          -4.6803,   0.0499,   0.9062,   1.7820,  -2.2867,  -5.4222,  -7.3336,
          -4.9684,  -1.3575,  -8.0721,  -5.9688,  -6.6389,  -8.4120,  -8.0258,
         -10.0062,  -9.6665,  -6.4140,  -6.3889,  -8.6674,  -8.0041,  -7.6419,
          -9.5575,  -5.6877,  -6.8455,  -5.2943,  -8.4620,  -7.7919,  -7.1146,
          -3.5966,  -6.5759,  -7.6397,  -6.4201,  -8.0399,  -8.1243,  -9.3204,
          -7.8603,  -8.6322,  -9.4212,  -9.7724,  -9.7062,  -9.4019,  -9.0549,
          -6.7436,  -4.8470,  -8.9559,  -8.2709,  -9.4485,  -9.3564,  -8.7716,
          -8.2792,  -8.2410,  -5.4814,  -6.2482,  -9.0537,  -7.3650,  -7.4561,
          -6.9054,  -5.0450,  -6.6725,  -8.2580,  -7.7285,  -6.7149,  -5.9945,
          -9.2299,  -9.8890,  -9.8919,  -9.8927,  -9.8940,  -9.8863,  -9.8807,
          -9.8805,  -9.8849,  -9.8830,  -9.8864,  -9.8881,  -9.8856,  -9.8881,
          -9.9001,  -9.8832,  -9.8802,  -9.8907,  -9.8797,  -9.8734,  -9.8860,
          -9.8891,  -9.8757,  -9.8850,  -9.8892,  -9.8863,  -9.8883,  -9.8869,
          -9.8595,  -9.8660,  -9.8756,  -9.8789,  -9.8794,  -9.8814,  -9.8870,
          -9.8746,  -9.8775,  -9.8997,  -9.9027,  -9.8973,  -9.8966,  -9.9008,
          -9.8920,  -9.8921,  -9.8831,  -9.8748,  -9.8730,  -9.8781,  -9.8857,
          -9.8823,  -9.8891,  -9.8963,  -9.8898,  -9.8927,  -9.8851,  -9.8645,
          -9.8631,  -9.8613,  -9.8649,  -9.8749,  -9.8742,  -9.8672,  -9.8687,
          -9.8685,  -9.8898,  -9.8753,  -9.8801,  -9.8769,  -9.8970,  -9.8896,
          -9.8895,  -9.8943,  -9.8786,  -9.8790,  -9.8851,  -9.8897,  -9.8842,
          -9.8921,  -9.8956,  -9.8923,  -9.8883,  -9.8854,  -9.8811,  -9.8637,
          -9.8733,  -9.8789,  -9.8602,  -9.8681,  -9.8911,  -9.8918,  -9.8770,
          -9.8926,  -9.8976,  -9.8852,  -9.8928,  -9.8895,  -9.8892,  -9.8772,
          -9.8601,  -9.8640,  -9.8757,  -9.8813,  -9.8660,  -9.8784,  -9.8930,
          -9.8829,  -9.8891,  -9.8939,  -9.8924,  -9.8913,  -9.8846,  -9.8733,
          -9.8779,  -9.8729,  -9.8786,  -9.8722,  -9.8727,  -9.8772,  -9.8837,
          -9.8908,  -9.8823,  -9.8836,  -9.8899,  -9.8857,  -9.8739,  -9.8803,
          -9.8709,  -9.8733,  -9.8726,  -9.8824,  -9.8882,  -9.8781,  -9.8845,
          -9.8881,  -9.8777,  -9.8804,  -9.8739,  -9.8724,  -9.8783,  -9.8833,
          -9.8748,  -9.8784,  -9.8983,  -9.8970,  -9.8912,  -9.9014,  -9.8948,
          -9.8915,  -9.8937,  -9.8981,  -9.8805,  -9.8760,  -9.8827,  -9.8701,
          -9.8627,  -9.8791,  -9.8799,  -9.8752,  -9.8914,  -9.8949,  -9.9043,
          -9.8883,  -9.9022,  -9.8910,  -9.8955,  -9.8852,  -9.8731,  -9.8827,
          -9.8897,  -9.8873,  -9.8931,  -9.9023,  -9.8941,  -9.8853,  -9.8755,
          -9.8795,  -9.8785,  -9.8685,  -9.8798,  -9.8717,  -9.8753,  -9.9026,
          -9.8941,  -9.8939,  -9.8954,  -9.8951,  -9.8984,  -9.8923,  -9.8901,
          -9.8798,  -9.8868,  -9.8919,  -9.8779,  -9.8818,  -9.8891,  -9.9014,
          -9.8819,  -9.8938,  -9.9011,  -9.8922,  -9.8856,  -9.8951,  -9.8785,
          -9.8826,  -9.8805,  -9.8862,  -9.8783,  -9.8834,  -9.8665,  -9.8629,
          -9.8724,  -9.8909,  -9.9007,  -9.8943,  -9.9108,  -9.9047]],
       device='cuda:0')

 *********************

 input_ids [101, 2054, 2515, 10511, 3233, 2005, 1029, 102, 3565, 4605, 2753, 2001, 2019, 2137, 2374, 2208, 2000, 5646, 1996, 3410, 1997, 1996, 2120, 2374, 2223, 1006, 5088, 1007, 2005, 1996, 2325, 2161, 1012, 1996, 2137, 2374, 3034, 1006, 10511, 1007, 3410, 7573, 14169, 3249, 1996, 2120, 2374, 3034, 1006, 22309, 1007, 3410, 3792, 12915, 2484, 1516, 2184, 2000, 7796, 2037, 2353, 3565, 4605, 2516, 1012, 1996, 2208, 2001, 2209, 2006, 2337, 1021, 1010, 2355, 1010, 2012, 11902, 1005, 1055, 3346, 1999, 1996, 2624, 3799, 3016, 2181, 2012, 4203, 10254, 1010, 2662, 1012, 2004, 2023, 2001, 1996, 12951, 3565, 4605, 1010, 1996, 2223, 13155, 1996, 1000, 3585, 5315, 1000, 2007, 2536, 2751, 1011, 11773, 11107, 1010, 2004, 2092, 2004, 8184, 28324, 2075, 1996, 4535, 1997, 10324, 2169, 3565, 4605, 2208, 2007, 3142, 16371, 28990, 2015, 1006, 2104, 2029, 1996, 2208, 2052, 2031, 2042, 2124, 2004, 1000, 3565, 4605, 1048, 1000, 1007, 1010, 2061, 2008, 1996, 8154, 2071, 14500, 3444, 1996, 5640, 16371, 28990, 2015, 2753, 1012, 102, 0, 0, 0, 0, 0, 0, 0, 0, 0, 0, 0, 0, 0, 0, 0, 0, 0, 0, 0, 0, 0, 0, 0, 0, 0, 0, 0, 0, 0, 0, 0, 0, 0, 0, 0, 0, 0, 0, 0, 0, 0, 0, 0, 0, 0, 0, 0, 0, 0, 0, 0, 0, 0, 0, 0, 0, 0, 0, 0, 0, 0, 0, 0, 0, 0, 0, 0, 0, 0, 0, 0, 0, 0, 0, 0, 0, 0, 0, 0, 0, 0, 0, 0, 0, 0, 0, 0, 0, 0, 0, 0, 0, 0, 0, 0, 0, 0, 0, 0, 0, 0, 0, 0, 0, 0, 0, 0, 0, 0, 0, 0, 0, 0, 0, 0, 0, 0, 0, 0, 0, 0, 0, 0, 0, 0, 0, 0, 0, 0, 0, 0, 0, 0, 0, 0, 0, 0, 0, 0, 0, 0, 0, 0, 0, 0, 0, 0, 0, 0, 0, 0, 0, 0, 0, 0, 0, 0, 0, 0, 0, 0, 0, 0, 0, 0, 0, 0, 0, 0, 0, 0, 0, 0, 0, 0, 0, 0, 0, 0, 0, 0, 0, 0, 0, 0, 0, 0, 0, 0, 0, 0, 0, 0, 0, 0, 0, 0, 0, 0, 0, 0, 0, 0, 0, 0, 0, 0, 0, 0, 0, 0, 0, 0, 0, 0, 0, 0, 0]

 input_mask [1, 1, 1, 1, 1, 1, 1, 1, 1, 1, 1, 1, 1, 1, 1, 1, 1, 1, 1, 1, 1, 1, 1, 1, 1, 1, 1, 1, 1, 1, 1, 1, 1, 1, 1, 1, 1, 1, 1, 1, 1, 1, 1, 1, 1, 1, 1, 1, 1, 1, 1, 1, 1, 1, 1, 1, 1, 1, 1, 1, 1, 1, 1, 1, 1, 1, 1, 1, 1, 1, 1, 1, 1, 1, 1, 1, 1, 1, 1, 1, 1, 1, 1, 1, 1, 1, 1, 1, 1, 1, 1, 1, 1, 1, 1, 1, 1, 1, 1, 1, 1, 1, 1, 1, 1, 1, 1, 1, 1, 1, 1, 1, 1, 1, 1, 1, 1, 1, 1, 1, 1, 1, 1, 1, 1, 1, 1, 1, 1, 1, 1, 1, 1, 1, 1, 1, 1, 1, 1, 1, 1, 1, 1, 1, 1, 1, 1, 1, 1, 1, 1, 1, 1, 1, 1, 1, 1, 1, 1, 1, 1, 1, 1, 1, 1, 1, 0, 0, 0, 0, 0, 0, 0, 0, 0, 0, 0, 0, 0, 0, 0, 0, 0, 0, 0, 0, 0, 0, 0, 0, 0, 0, 0, 0, 0, 0, 0, 0, 0, 0, 0, 0, 0, 0, 0, 0, 0, 0, 0, 0, 0, 0, 0, 0, 0, 0, 0, 0, 0, 0, 0, 0, 0, 0, 0, 0, 0, 0, 0, 0, 0, 0, 0, 0, 0, 0, 0, 0, 0, 0, 0, 0, 0, 0, 0, 0, 0, 0, 0, 0, 0, 0, 0, 0, 0, 0, 0, 0, 0, 0, 0, 0, 0, 0, 0, 0, 0, 0, 0, 0, 0, 0, 0, 0, 0, 0, 0, 0, 0, 0, 0, 0, 0, 0, 0, 0, 0, 0, 0, 0, 0, 0, 0, 0, 0, 0, 0, 0, 0, 0, 0, 0, 0, 0, 0, 0, 0, 0, 0, 0, 0, 0, 0, 0, 0, 0, 0, 0, 0, 0, 0, 0, 0, 0, 0, 0, 0, 0, 0, 0, 0, 0, 0, 0, 0, 0, 0, 0, 0, 0, 0, 0, 0, 0, 0, 0, 0, 0, 0, 0, 0, 0, 0, 0, 0, 0, 0, 0, 0, 0, 0, 0, 0, 0, 0, 0, 0, 0, 0, 0, 0, 0, 0, 0, 0, 0, 0, 0, 0, 0, 0, 0, 0, 0]

 start_scores tensor([[-8.2160, -7.7769, -9.0041, -8.3530, -9.4046, -9.1471, -9.8218, -9.3336,
         -1.8014, -7.1075, -4.4962, -7.9395, -7.5358, -4.9274, -6.9936, -7.8612,
         -7.2594, -7.1357, -6.4259, -6.4194, -8.2030, -3.1194, -1.9275, -4.3247,
         -3.5833, -4.3039, -4.0693, -6.0729, -7.3157, -6.8296, -5.3791, -6.8621,
         -6.8968, -3.1846,  8.2964,  0.9852, -0.0273, -0.9376, -0.3010, -4.9701,
         -5.3801, -2.9891, -6.2332, -8.6632, -7.2963, -3.2957, -6.3144, -6.7147,
         -5.0205, -4.3856, -8.2476, -8.6397, -5.5673, -7.1228, -7.3134, -7.9618,
         -8.0299, -8.1116, -7.9000, -8.6555, -8.1453, -7.1332, -8.5241, -8.8165,
         -7.2025, -6.6188, -8.5631, -9.2728, -9.2756, -8.4529, -6.3415, -7.0935,
         -8.4613, -5.7069, -7.8291, -8.9688, -5.8137, -9.4302, -9.1007, -6.8302,
         -9.0892, -8.4334, -5.8952, -7.4353, -8.3451, -8.5697, -9.3568, -5.7215,
         -7.7871, -8.3497, -6.4125, -7.5909, -9.2004, -8.4567, -9.2182, -8.3255,
         -7.0403, -7.4612, -8.9129, -8.6699, -7.1493, -7.9663, -9.1390, -8.7344,
         -6.9927, -7.1857, -9.1857, -8.9633, -9.2964, -8.6387, -7.8510, -9.4442,
         -8.9132, -9.4644, -9.5411, -8.9076, -9.8412, -9.6243, -8.8727, -8.6373,
         -9.5287, -9.0228, -9.1668, -9.6293, -8.1846, -8.6306, -7.3783, -9.1383,
         -9.1224, -8.6376, -6.4489, -7.4875, -8.3646, -8.3679, -8.7249, -8.6072,
         -9.4219, -8.5932, -8.9470, -9.4529, -9.6669, -9.5832, -9.4786, -9.2225,
         -7.2485, -5.9128, -9.0673, -8.3043, -9.6160, -9.3428, -9.0403, -9.1334,
         -9.1321, -7.7193, -7.7954, -9.4725, -8.9975, -8.8177, -8.3543, -7.0416,
         -7.2408, -8.3354, -8.5761, -7.1948, -6.2746, -9.4061, -9.8029, -9.8047,
         -9.8102, -9.8043, -9.8131, -9.8184, -9.8069, -9.8121, -9.8159, -9.8120,
         -9.8206, -9.8264, -9.8271, -9.8165, -9.8267, -9.8182, -9.8157, -9.8219,
         -9.8235, -9.8263, -9.8243, -9.8155, -9.8105, -9.8137, -9.8128, -9.8061,
         -9.8110, -9.8152, -9.8101, -9.8152, -9.8163, -9.8202, -9.8144, -9.8218,
         -9.8234, -9.8158, -9.8140, -9.8151, -9.8123, -9.8098, -9.8114, -9.8227,
         -9.8172, -9.8169, -9.8213, -9.8192, -9.8112, -9.8118, -9.8195, -9.8223,
         -9.8169, -9.8264, -9.8260, -9.8115, -9.8127, -9.8237, -9.8105, -9.8121,
         -9.8117, -9.8131, -9.8148, -9.8193, -9.8218, -9.8189, -9.8103, -9.8074,
         -9.8100, -9.8082, -9.8117, -9.8129, -9.8125, -9.8172, -9.8174, -9.8127,
         -9.8096, -9.8127, -9.8139, -9.8126, -9.8179, -9.8247, -9.8121, -9.8185,
         -9.8196, -9.8080, -9.8110, -9.8172, -9.8135, -9.8162, -9.8215, -9.8167,
         -9.8109, -9.8123, -9.8048, -9.8018, -9.8076, -9.8117, -9.8120, -9.8135,
         -9.8125, -9.8043, -9.8147, -9.8176, -9.8183, -9.8237, -9.8177, -9.8084,
         -9.8054, -9.8036, -9.8047, -9.8038, -9.8152, -9.8106, -9.8070, -9.8097,
         -9.8170, -9.8123, -9.7989, -9.8212, -9.8169, -9.8168, -9.8112, -9.8112,
         -9.7923, -9.8094, -9.8077, -9.8148, -9.8154, -9.8084, -9.8162, -9.8155,
         -9.8010, -9.8037, -9.8074, -9.8092, -9.8063, -9.8125, -9.8102, -9.8067,
         -9.8108, -9.8134, -9.8170, -9.8187, -9.8211, -9.8162, -9.8122, -9.8067,
         -9.8136, -9.8091, -9.8085, -9.8164, -9.8098, -9.8134, -9.8216, -9.8128,
         -9.8132, -9.8186, -9.8198, -9.8094, -9.8139, -9.8238, -9.8078, -9.8001,
         -9.8012, -9.8020, -9.8051, -9.8142, -9.8067, -9.8085, -9.8138, -9.8118,
         -9.8117, -9.8079, -9.8125, -9.8027, -9.8188, -9.8214, -9.8102, -9.8114,
         -9.8221, -9.8097, -9.8102, -9.8173, -9.8106, -9.8052, -9.8066, -9.8095,
         -9.8077, -9.8137, -9.8140, -9.8086, -9.8176, -9.8208, -9.8167, -9.8076,
         -9.8228, -9.8186, -9.8146, -9.8242, -9.8358, -9.8039, -9.8098, -9.8136,
         -9.8065, -9.8137, -9.8209, -9.8075, -9.8031, -9.8068, -9.8105, -9.8084,
         -9.8059, -9.8121, -9.8203, -9.8229, -9.8265, -9.8186, -9.8194, -9.8089]],
       device='cuda:0')

 *********************

 input_ids [101, 2040, 2180, 3565, 4605, 2753, 1029, 102, 3565, 4605, 2753, 2001, 2019, 2137, 2374, 2208, 2000, 5646, 1996, 3410, 1997, 1996, 2120, 2374, 2223, 1006, 5088, 1007, 2005, 1996, 2325, 2161, 1012, 1996, 2137, 2374, 3034, 1006, 10511, 1007, 3410, 7573, 14169, 3249, 1996, 2120, 2374, 3034, 1006, 22309, 1007, 3410, 3792, 12915, 2484, 1516, 2184, 2000, 7796, 2037, 2353, 3565, 4605, 2516, 1012, 1996, 2208, 2001, 2209, 2006, 2337, 1021, 1010, 2355, 1010, 2012, 11902, 1005, 1055, 3346, 1999, 1996, 2624, 3799, 3016, 2181, 2012, 4203, 10254, 1010, 2662, 1012, 2004, 2023, 2001, 1996, 12951, 3565, 4605, 1010, 1996, 2223, 13155, 1996, 1000, 3585, 5315, 1000, 2007, 2536, 2751, 1011, 11773, 11107, 1010, 2004, 2092, 2004, 8184, 28324, 2075, 1996, 4535, 1997, 10324, 2169, 3565, 4605, 2208, 2007, 3142, 16371, 28990, 2015, 1006, 2104, 2029, 1996, 2208, 2052, 2031, 2042, 2124, 2004, 1000, 3565, 4605, 1048, 1000, 1007, 1010, 2061, 2008, 1996, 8154, 2071, 14500, 3444, 1996, 5640, 16371, 28990, 2015, 2753, 1012, 102, 0, 0, 0, 0, 0, 0, 0, 0, 0, 0, 0, 0, 0, 0, 0, 0, 0, 0, 0, 0, 0, 0, 0, 0, 0, 0, 0, 0, 0, 0, 0, 0, 0, 0, 0, 0, 0, 0, 0, 0, 0, 0, 0, 0, 0, 0, 0, 0, 0, 0, 0, 0, 0, 0, 0, 0, 0, 0, 0, 0, 0, 0, 0, 0, 0, 0, 0, 0, 0, 0, 0, 0, 0, 0, 0, 0, 0, 0, 0, 0, 0, 0, 0, 0, 0, 0, 0, 0, 0, 0, 0, 0, 0, 0, 0, 0, 0, 0, 0, 0, 0, 0, 0, 0, 0, 0, 0, 0, 0, 0, 0, 0, 0, 0, 0, 0, 0, 0, 0, 0, 0, 0, 0, 0, 0, 0, 0, 0, 0, 0, 0, 0, 0, 0, 0, 0, 0, 0, 0, 0, 0, 0, 0, 0, 0, 0, 0, 0, 0, 0, 0, 0, 0, 0, 0, 0, 0, 0, 0, 0, 0, 0, 0, 0, 0, 0, 0, 0, 0, 0, 0, 0, 0, 0, 0, 0, 0, 0, 0, 0, 0, 0, 0, 0, 0, 0, 0, 0, 0, 0, 0, 0, 0, 0, 0, 0, 0, 0, 0, 0, 0, 0, 0, 0, 0, 0, 0, 0, 0, 0, 0, 0, 0, 0, 0, 0, 0, 0]

 input_mask [1, 1, 1, 1, 1, 1, 1, 1, 1, 1, 1, 1, 1, 1, 1, 1, 1, 1, 1, 1, 1, 1, 1, 1, 1, 1, 1, 1, 1, 1, 1, 1, 1, 1, 1, 1, 1, 1, 1, 1, 1, 1, 1, 1, 1, 1, 1, 1, 1, 1, 1, 1, 1, 1, 1, 1, 1, 1, 1, 1, 1, 1, 1, 1, 1, 1, 1, 1, 1, 1, 1, 1, 1, 1, 1, 1, 1, 1, 1, 1, 1, 1, 1, 1, 1, 1, 1, 1, 1, 1, 1, 1, 1, 1, 1, 1, 1, 1, 1, 1, 1, 1, 1, 1, 1, 1, 1, 1, 1, 1, 1, 1, 1, 1, 1, 1, 1, 1, 1, 1, 1, 1, 1, 1, 1, 1, 1, 1, 1, 1, 1, 1, 1, 1, 1, 1, 1, 1, 1, 1, 1, 1, 1, 1, 1, 1, 1, 1, 1, 1, 1, 1, 1, 1, 1, 1, 1, 1, 1, 1, 1, 1, 1, 1, 1, 1, 0, 0, 0, 0, 0, 0, 0, 0, 0, 0, 0, 0, 0, 0, 0, 0, 0, 0, 0, 0, 0, 0, 0, 0, 0, 0, 0, 0, 0, 0, 0, 0, 0, 0, 0, 0, 0, 0, 0, 0, 0, 0, 0, 0, 0, 0, 0, 0, 0, 0, 0, 0, 0, 0, 0, 0, 0, 0, 0, 0, 0, 0, 0, 0, 0, 0, 0, 0, 0, 0, 0, 0, 0, 0, 0, 0, 0, 0, 0, 0, 0, 0, 0, 0, 0, 0, 0, 0, 0, 0, 0, 0, 0, 0, 0, 0, 0, 0, 0, 0, 0, 0, 0, 0, 0, 0, 0, 0, 0, 0, 0, 0, 0, 0, 0, 0, 0, 0, 0, 0, 0, 0, 0, 0, 0, 0, 0, 0, 0, 0, 0, 0, 0, 0, 0, 0, 0, 0, 0, 0, 0, 0, 0, 0, 0, 0, 0, 0, 0, 0, 0, 0, 0, 0, 0, 0, 0, 0, 0, 0, 0, 0, 0, 0, 0, 0, 0, 0, 0, 0, 0, 0, 0, 0, 0, 0, 0, 0, 0, 0, 0, 0, 0, 0, 0, 0, 0, 0, 0, 0, 0, 0, 0, 0, 0, 0, 0, 0, 0, 0, 0, 0, 0, 0, 0, 0, 0, 0, 0, 0, 0, 0, 0, 0, 0, 0, 0, 0]

 start_scores tensor([[-7.8675, -8.1451, -9.1017, -8.5157, -9.8539, -9.6265, -9.9620, -9.2264,
         -2.7365, -6.5107, -5.9371, -8.0592, -7.4118, -5.3246, -6.8840, -7.4396,
         -7.1479, -5.8151, -4.9311, -5.0833, -8.7702, -6.2685, -4.2115, -6.1073,
         -6.3576, -5.9820, -4.6346, -6.5471, -6.9905, -6.1595, -4.1227, -6.4874,
         -3.8989,  4.4622,  1.3714, -4.6967, -4.8529, -1.6376, -1.5206, -6.5051,
         -3.4974,  6.4437, -0.8932, -3.8717, -1.7675, -1.1165, -6.1459, -6.3831,
         -3.8863, -4.5593, -7.6420, -6.2987,  2.2529, -2.8737, -3.9973, -4.9388,
         -4.9901, -3.1001, -3.4376, -4.8549, -4.9150, -4.1770, -6.9961, -6.0064,
         -5.4403, -4.4700, -7.3352, -8.6838, -8.3006, -7.8119, -5.7272, -6.7680,
         -7.9113, -3.7732, -7.3951, -8.1672, -5.1158, -9.2295, -8.9025, -6.9012,
         -8.6562, -8.0500, -5.0160, -6.7970, -7.9814, -8.2064, -8.7769, -4.8447,
         -7.4581, -7.7204, -6.1938, -6.1184, -8.6132, -6.7652, -8.5698, -6.7143,
         -4.9026, -6.2640, -8.4359, -8.3294, -7.7472, -8.6416, -9.2564, -8.6225,
         -7.7237, -7.2390, -8.9932, -9.4872, -9.3378, -8.7783, -8.2929, -9.5023,
         -9.0430, -9.5265, -9.6918, -8.9092, -9.8435, -9.6721, -9.0778, -9.0314,
         -9.6737, -9.2732, -9.4494, -9.7359, -8.7857, -8.8617, -7.6853, -9.3695,
         -9.1743, -8.9425, -7.6598, -8.1653, -9.2907, -9.3098, -9.1235, -9.0224,
         -9.5936, -8.7363, -9.0973, -9.5835, -9.7900, -9.6805, -9.5843, -9.4656,
         -8.3120, -6.3614, -9.3337, -9.2137, -9.7615, -9.5836, -9.3803, -9.3923,
         -9.2766, -8.2400, -8.7241, -9.5915, -9.1693, -8.9546, -8.8679, -8.1325,
         -7.8307, -9.1077, -9.2322, -8.1663, -5.9214, -9.2108, -9.8955, -9.8535,
         -9.8829, -9.8857, -9.8827, -9.8849, -9.9010, -9.8866, -9.8754, -9.8903,
         -9.8844, -9.8875, -9.8971, -9.9005, -9.9032, -9.9070, -9.8990, -9.8854,
         -9.8967, -9.9013, -9.9032, -9.9086, -9.9100, -9.8872, -9.8872, -9.9021,
         -9.8950, -9.8939, -9.8952, -9.9004, -9.8744, -9.8950, -9.8937, -9.8888,
         -9.8893, -9.8941, -9.9046, -9.8945, -9.8951, -9.9000, -9.8815, -9.8904,
         -9.8850, -9.8857, -9.8864, -9.8943, -9.9011, -9.8765, -9.8758, -9.8927,
         -9.8829, -9.8965, -9.8981, -9.8959, -9.8863, -9.9014, -9.8973, -9.8862,
         -9.8888, -9.8738, -9.8865, -9.8954, -9.8963, -9.8998, -9.9017, -9.8694,
         -9.8619, -9.8862, -9.8681, -9.8722, -9.8868, -9.8897, -9.8822, -9.9051,
         -9.8688, -9.8682, -9.8904, -9.8740, -9.8840, -9.8964, -9.8773, -9.8924,
         -9.9038, -9.8979, -9.8739, -9.8791, -9.8919, -9.8966, -9.8976, -9.9056,
         -9.9057, -9.8769, -9.8821, -9.8965, -9.8734, -9.8836, -9.8967, -9.8883,
         -9.8889, -9.8996, -9.8694, -9.8724, -9.8903, -9.8925, -9.8758, -9.8949,
         -9.8916, -9.8589, -9.8855, -9.8722, -9.8814, -9.8939, -9.8869, -9.8637,
         -9.8817, -9.8787, -9.8555, -9.8973, -9.9055, -9.9066, -9.8837, -9.8977,
         -9.8414, -9.8907, -9.8873, -9.8907, -9.8980, -9.9016, -9.8944, -9.8874,
         -9.8997, -9.8867, -9.8765, -9.8913, -9.8878, -9.8962, -9.8724, -9.8955,
         -9.8796, -9.8738, -9.8884, -9.8916, -9.8933, -9.9062, -9.9145, -9.8730,
         -9.8914, -9.8777, -9.8785, -9.8948, -9.8938, -9.8992, -9.9045, -9.9024,
         -9.8920, -9.8841, -9.8978, -9.8969, -9.9131, -9.9142, -9.9076, -9.8949,
         -9.8754, -9.8784, -9.8815, -9.8877, -9.8953, -9.9055, -9.8831, -9.8925,
         -9.8865, -9.8792, -9.9078, -9.8842, -9.9060, -9.9081, -9.9101, -9.8888,
         -9.8960, -9.9020, -9.9030, -9.9023, -9.9029, -9.9077, -9.8816, -9.8998,
         -9.8939, -9.8956, -9.9056, -9.8869, -9.9063, -9.9077, -9.9010, -9.8777,
         -9.9108, -9.9167, -9.9233, -9.9133, -9.9197, -9.9064, -9.9136, -9.8958,
         -9.8922, -9.8991, -9.9014, -9.8963, -9.8981, -9.8610, -9.8766, -9.8812,
         -9.8732, -9.9030, -9.9290, -9.9371, -9.9393, -9.9090, -9.9187, -9.8662]],
       device='cuda:0')

 *********************

 input_ids [101, 2054, 3609, 2001, 2109, 2000, 17902, 1996, 12951, 5315, 1997, 1996, 3565, 4605, 1029, 102, 3565, 4605, 2753, 2001, 2019, 2137, 2374, 2208, 2000, 5646, 1996, 3410, 1997, 1996, 2120, 2374, 2223, 1006, 5088, 1007, 2005, 1996, 2325, 2161, 1012, 1996, 2137, 2374, 3034, 1006, 10511, 1007, 3410, 7573, 14169, 3249, 1996, 2120, 2374, 3034, 1006, 22309, 1007, 3410, 3792, 12915, 2484, 1516, 2184, 2000, 7796, 2037, 2353, 3565, 4605, 2516, 1012, 1996, 2208, 2001, 2209, 2006, 2337, 1021, 1010, 2355, 1010, 2012, 11902, 1005, 1055, 3346, 1999, 1996, 2624, 3799, 3016, 2181, 2012, 4203, 10254, 1010, 2662, 1012, 2004, 2023, 2001, 1996, 12951, 3565, 4605, 1010, 1996, 2223, 13155, 1996, 1000, 3585, 5315, 1000, 2007, 2536, 2751, 1011, 11773, 11107, 1010, 2004, 2092, 2004, 8184, 28324, 2075, 1996, 4535, 1997, 10324, 2169, 3565, 4605, 2208, 2007, 3142, 16371, 28990, 2015, 1006, 2104, 2029, 1996, 2208, 2052, 2031, 2042, 2124, 2004, 1000, 3565, 4605, 1048, 1000, 1007, 1010, 2061, 2008, 1996, 8154, 2071, 14500, 3444, 1996, 5640, 16371, 28990, 2015, 2753, 1012, 102, 0, 0, 0, 0, 0, 0, 0, 0, 0, 0, 0, 0, 0, 0, 0, 0, 0, 0, 0, 0, 0, 0, 0, 0, 0, 0, 0, 0, 0, 0, 0, 0, 0, 0, 0, 0, 0, 0, 0, 0, 0, 0, 0, 0, 0, 0, 0, 0, 0, 0, 0, 0, 0, 0, 0, 0, 0, 0, 0, 0, 0, 0, 0, 0, 0, 0, 0, 0, 0, 0, 0, 0, 0, 0, 0, 0, 0, 0, 0, 0, 0, 0, 0, 0, 0, 0, 0, 0, 0, 0, 0, 0, 0, 0, 0, 0, 0, 0, 0, 0, 0, 0, 0, 0, 0, 0, 0, 0, 0, 0, 0, 0, 0, 0, 0, 0, 0, 0, 0, 0, 0, 0, 0, 0, 0, 0, 0, 0, 0, 0, 0, 0, 0, 0, 0, 0, 0, 0, 0, 0, 0, 0, 0, 0, 0, 0, 0, 0, 0, 0, 0, 0, 0, 0, 0, 0, 0, 0, 0, 0, 0, 0, 0, 0, 0, 0, 0, 0, 0, 0, 0, 0, 0, 0, 0, 0, 0, 0, 0, 0, 0, 0, 0, 0, 0, 0, 0, 0, 0, 0, 0, 0, 0, 0, 0, 0, 0, 0, 0, 0, 0, 0, 0, 0, 0, 0, 0, 0, 0, 0]

 input_mask [1, 1, 1, 1, 1, 1, 1, 1, 1, 1, 1, 1, 1, 1, 1, 1, 1, 1, 1, 1, 1, 1, 1, 1, 1, 1, 1, 1, 1, 1, 1, 1, 1, 1, 1, 1, 1, 1, 1, 1, 1, 1, 1, 1, 1, 1, 1, 1, 1, 1, 1, 1, 1, 1, 1, 1, 1, 1, 1, 1, 1, 1, 1, 1, 1, 1, 1, 1, 1, 1, 1, 1, 1, 1, 1, 1, 1, 1, 1, 1, 1, 1, 1, 1, 1, 1, 1, 1, 1, 1, 1, 1, 1, 1, 1, 1, 1, 1, 1, 1, 1, 1, 1, 1, 1, 1, 1, 1, 1, 1, 1, 1, 1, 1, 1, 1, 1, 1, 1, 1, 1, 1, 1, 1, 1, 1, 1, 1, 1, 1, 1, 1, 1, 1, 1, 1, 1, 1, 1, 1, 1, 1, 1, 1, 1, 1, 1, 1, 1, 1, 1, 1, 1, 1, 1, 1, 1, 1, 1, 1, 1, 1, 1, 1, 1, 1, 1, 1, 1, 1, 1, 1, 1, 1, 0, 0, 0, 0, 0, 0, 0, 0, 0, 0, 0, 0, 0, 0, 0, 0, 0, 0, 0, 0, 0, 0, 0, 0, 0, 0, 0, 0, 0, 0, 0, 0, 0, 0, 0, 0, 0, 0, 0, 0, 0, 0, 0, 0, 0, 0, 0, 0, 0, 0, 0, 0, 0, 0, 0, 0, 0, 0, 0, 0, 0, 0, 0, 0, 0, 0, 0, 0, 0, 0, 0, 0, 0, 0, 0, 0, 0, 0, 0, 0, 0, 0, 0, 0, 0, 0, 0, 0, 0, 0, 0, 0, 0, 0, 0, 0, 0, 0, 0, 0, 0, 0, 0, 0, 0, 0, 0, 0, 0, 0, 0, 0, 0, 0, 0, 0, 0, 0, 0, 0, 0, 0, 0, 0, 0, 0, 0, 0, 0, 0, 0, 0, 0, 0, 0, 0, 0, 0, 0, 0, 0, 0, 0, 0, 0, 0, 0, 0, 0, 0, 0, 0, 0, 0, 0, 0, 0, 0, 0, 0, 0, 0, 0, 0, 0, 0, 0, 0, 0, 0, 0, 0, 0, 0, 0, 0, 0, 0, 0, 0, 0, 0, 0, 0, 0, 0, 0, 0, 0, 0, 0, 0, 0, 0, 0, 0, 0, 0, 0, 0, 0, 0, 0, 0, 0, 0, 0, 0, 0, 0]

 start_scores tensor([[-6.1939, -5.2132, -6.9965, -9.1246, -8.6259, -9.3689, -9.1681, -8.5021,
         -7.0983, -8.6447, -9.4409, -9.1462, -8.4993, -8.7604, -9.2170, -8.9344,
         -4.1493, -7.7558, -4.8161, -8.5786, -8.4399, -6.4913, -7.2853, -8.6649,
         -8.7226, -8.5035, -8.0302, -7.5935, -8.7852, -7.2376, -5.6669, -6.7878,
         -6.9451, -6.9028, -6.0414, -7.5127, -8.2332, -7.1729, -5.0304, -7.4648,
         -6.8684, -7.1394, -6.0538, -7.3882, -7.7007, -6.6742, -7.1433, -8.5209,
         -7.9742, -4.5038, -6.3295, -8.4577, -7.6165, -5.9332, -7.8114, -7.7911,
         -6.6067, -6.4648, -8.4357, -8.2156, -4.7966, -5.7056, -7.3596, -8.3857,
         -7.7301, -8.4517, -7.9828, -8.3741, -7.9413, -7.4329, -8.7340, -8.6117,
         -6.6376, -6.5375, -8.0263, -8.5308, -8.6410, -8.4833, -5.9567, -6.9761,
         -8.4769, -4.6447, -7.5212, -8.3910, -5.1342, -8.8661, -8.4022, -6.5102,
         -8.6841, -7.6514, -5.3522, -6.2296, -7.6547, -8.1324, -8.6169, -5.1672,
         -6.4069, -7.9631, -5.4578, -5.6347, -7.0150, -6.3705, -7.9746, -6.1702,
         -4.2757, -6.3221, -7.9707, -7.2171, -3.6081, -6.6473, -5.2339, -3.9817,
         -2.9914, -2.3544, -4.2335, -5.2973, -5.4623, -2.7204,  4.2307, -7.4992,
         -5.8451, -4.8564, -7.2783, -7.6116, -9.8306, -9.4222, -6.9949, -7.0274,
         -8.6834, -8.3193, -8.5495, -9.5290, -7.1417, -8.1484, -7.7908, -8.4713,
         -8.0848, -6.9837, -0.9687, -5.0702, -6.9342, -5.8271, -7.2896, -7.5381,
         -8.4859, -7.8517, -8.5470, -8.8942, -9.4160, -9.3526, -8.9047, -8.3790,
         -6.2918, -5.4774, -8.3425, -6.1669, -8.3890, -8.4992, -7.7721, -8.0204,
         -7.7308, -6.2534, -5.9422, -8.6476, -7.1315, -6.7245, -5.5762, -1.6885,
         -5.8273, -7.1493, -6.3239, -6.4872, -6.1359, -8.5258, -9.9284, -9.8954,
         -9.8329, -9.8941, -9.8965, -9.8525, -9.8822, -9.9016, -9.8682, -9.9089,
         -9.8960, -9.9065, -9.8997, -9.8890, -9.8930, -9.8862, -9.8888, -9.8904,
         -9.8899, -9.8931, -9.8971, -9.9106, -9.8872, -9.8920, -9.8751, -9.8334,
         -9.8896, -9.8946, -9.8910, -9.8937, -9.8916, -9.9056, -9.9059, -9.9230,
         -9.9350, -9.9181, -9.9007, -9.9024, -9.8881, -9.8527, -9.8963, -9.8775,
         -9.8400, -9.8749, -9.8935, -9.9029, -9.8949, -9.8953, -9.9080, -9.8920,
         -9.8777, -9.8913, -9.8859, -9.8850, -9.8980, -9.8910, -9.8933, -9.8828,
         -9.8941, -9.8832, -9.8524, -9.9009, -9.9039, -9.9158, -9.8904, -9.8964,
         -9.9056, -9.8943, -9.8744, -9.8395, -9.9018, -9.8970, -9.8728, -9.8891,
         -9.9011, -9.8958, -9.9083, -9.8952, -9.8864, -9.8498, -9.8881, -9.8879,
         -9.8920, -9.8854, -9.8921, -9.8897, -9.8937, -9.9030, -9.9082, -9.9069,
         -9.8982, -9.8993, -9.8776, -9.8933, -9.8828, -9.8889, -9.8900, -9.8945,
         -9.8831, -9.8949, -9.9076, -9.9113, -9.8947, -9.8986, -9.8715, -9.9174,
         -9.8963, -9.8801, -9.8658, -9.8759, -9.8962, -9.8895, -9.9045, -9.9064,
         -9.9047, -9.8857, -9.8822, -9.8761, -9.8942, -9.9018, -9.8880, -9.8842,
         -9.8745, -9.8867, -9.8917, -9.8842, -9.9186, -9.9012, -9.8881, -9.8941,
         -9.8570, -9.8944, -9.9012, -9.8644, -9.8917, -9.9006, -9.8998, -9.8894,
         -9.8914, -9.9095, -9.9045, -9.8892, -9.8882, -9.9139, -9.9108, -9.8785,
         -9.8548, -9.8820, -9.9010, -9.8900, -9.8890, -9.8847, -9.8884, -9.8894,
         -9.8874, -9.9101, -9.9138, -9.9172, -9.9135, -9.8839, -9.9166, -9.8970,
         -9.8426, -9.8861, -9.8918, -9.8756, -9.8890, -9.9018, -9.8950, -9.8851,
         -9.8937, -9.8830, -9.9003, -9.9037, -9.8939, -9.8976, -9.8982, -9.9120,
         -9.9188, -9.9142, -9.9009, -9.9224, -9.9149, -9.9138, -9.8846, -9.8592,
         -9.8820, -9.9037, -9.8935, -9.8882, -9.8848, -9.9033, -9.9067, -9.8888,
         -9.9355, -9.9039, -9.9092, -9.9224, -9.9043, -9.8939, -9.9018, -9.8960,
         -9.9102, -9.9146, -9.9304, -9.9084, -9.9164, -9.8990, -9.8915, -9.8853]],
       device='cuda:0')

 *********************

 input_ids [101, 2054, 2003, 1996, 10511, 2460, 2005, 1029, 102, 3565, 4605, 2753, 2001, 2019, 2137, 2374, 2208, 2000, 5646, 1996, 3410, 1997, 1996, 2120, 2374, 2223, 1006, 5088, 1007, 2005, 1996, 2325, 2161, 1012, 1996, 2137, 2374, 3034, 1006, 10511, 1007, 3410, 7573, 14169, 3249, 1996, 2120, 2374, 3034, 1006, 22309, 1007, 3410, 3792, 12915, 2484, 1516, 2184, 2000, 7796, 2037, 2353, 3565, 4605, 2516, 1012, 1996, 2208, 2001, 2209, 2006, 2337, 1021, 1010, 2355, 1010, 2012, 11902, 1005, 1055, 3346, 1999, 1996, 2624, 3799, 3016, 2181, 2012, 4203, 10254, 1010, 2662, 1012, 2004, 2023, 2001, 1996, 12951, 3565, 4605, 1010, 1996, 2223, 13155, 1996, 1000, 3585, 5315, 1000, 2007, 2536, 2751, 1011, 11773, 11107, 1010, 2004, 2092, 2004, 8184, 28324, 2075, 1996, 4535, 1997, 10324, 2169, 3565, 4605, 2208, 2007, 3142, 16371, 28990, 2015, 1006, 2104, 2029, 1996, 2208, 2052, 2031, 2042, 2124, 2004, 1000, 3565, 4605, 1048, 1000, 1007, 1010, 2061, 2008, 1996, 8154, 2071, 14500, 3444, 1996, 5640, 16371, 28990, 2015, 2753, 1012, 102, 0, 0, 0, 0, 0, 0, 0, 0, 0, 0, 0, 0, 0, 0, 0, 0, 0, 0, 0, 0, 0, 0, 0, 0, 0, 0, 0, 0, 0, 0, 0, 0, 0, 0, 0, 0, 0, 0, 0, 0, 0, 0, 0, 0, 0, 0, 0, 0, 0, 0, 0, 0, 0, 0, 0, 0, 0, 0, 0, 0, 0, 0, 0, 0, 0, 0, 0, 0, 0, 0, 0, 0, 0, 0, 0, 0, 0, 0, 0, 0, 0, 0, 0, 0, 0, 0, 0, 0, 0, 0, 0, 0, 0, 0, 0, 0, 0, 0, 0, 0, 0, 0, 0, 0, 0, 0, 0, 0, 0, 0, 0, 0, 0, 0, 0, 0, 0, 0, 0, 0, 0, 0, 0, 0, 0, 0, 0, 0, 0, 0, 0, 0, 0, 0, 0, 0, 0, 0, 0, 0, 0, 0, 0, 0, 0, 0, 0, 0, 0, 0, 0, 0, 0, 0, 0, 0, 0, 0, 0, 0, 0, 0, 0, 0, 0, 0, 0, 0, 0, 0, 0, 0, 0, 0, 0, 0, 0, 0, 0, 0, 0, 0, 0, 0, 0, 0, 0, 0, 0, 0, 0, 0, 0, 0, 0, 0, 0, 0, 0, 0, 0, 0, 0, 0, 0, 0, 0, 0, 0, 0, 0, 0, 0, 0, 0, 0, 0]

 input_mask [1, 1, 1, 1, 1, 1, 1, 1, 1, 1, 1, 1, 1, 1, 1, 1, 1, 1, 1, 1, 1, 1, 1, 1, 1, 1, 1, 1, 1, 1, 1, 1, 1, 1, 1, 1, 1, 1, 1, 1, 1, 1, 1, 1, 1, 1, 1, 1, 1, 1, 1, 1, 1, 1, 1, 1, 1, 1, 1, 1, 1, 1, 1, 1, 1, 1, 1, 1, 1, 1, 1, 1, 1, 1, 1, 1, 1, 1, 1, 1, 1, 1, 1, 1, 1, 1, 1, 1, 1, 1, 1, 1, 1, 1, 1, 1, 1, 1, 1, 1, 1, 1, 1, 1, 1, 1, 1, 1, 1, 1, 1, 1, 1, 1, 1, 1, 1, 1, 1, 1, 1, 1, 1, 1, 1, 1, 1, 1, 1, 1, 1, 1, 1, 1, 1, 1, 1, 1, 1, 1, 1, 1, 1, 1, 1, 1, 1, 1, 1, 1, 1, 1, 1, 1, 1, 1, 1, 1, 1, 1, 1, 1, 1, 1, 1, 1, 1, 0, 0, 0, 0, 0, 0, 0, 0, 0, 0, 0, 0, 0, 0, 0, 0, 0, 0, 0, 0, 0, 0, 0, 0, 0, 0, 0, 0, 0, 0, 0, 0, 0, 0, 0, 0, 0, 0, 0, 0, 0, 0, 0, 0, 0, 0, 0, 0, 0, 0, 0, 0, 0, 0, 0, 0, 0, 0, 0, 0, 0, 0, 0, 0, 0, 0, 0, 0, 0, 0, 0, 0, 0, 0, 0, 0, 0, 0, 0, 0, 0, 0, 0, 0, 0, 0, 0, 0, 0, 0, 0, 0, 0, 0, 0, 0, 0, 0, 0, 0, 0, 0, 0, 0, 0, 0, 0, 0, 0, 0, 0, 0, 0, 0, 0, 0, 0, 0, 0, 0, 0, 0, 0, 0, 0, 0, 0, 0, 0, 0, 0, 0, 0, 0, 0, 0, 0, 0, 0, 0, 0, 0, 0, 0, 0, 0, 0, 0, 0, 0, 0, 0, 0, 0, 0, 0, 0, 0, 0, 0, 0, 0, 0, 0, 0, 0, 0, 0, 0, 0, 0, 0, 0, 0, 0, 0, 0, 0, 0, 0, 0, 0, 0, 0, 0, 0, 0, 0, 0, 0, 0, 0, 0, 0, 0, 0, 0, 0, 0, 0, 0, 0, 0, 0, 0, 0, 0, 0, 0, 0, 0, 0, 0, 0, 0, 0, 0]

 start_scores tensor([[-8.3091, -7.5026, -8.9577, -7.8469, -7.9883, -9.1726, -8.7707, -9.7156,
         -9.0883, -1.6997, -7.0745, -4.7267, -8.1546, -7.6536, -5.0418, -6.9078,
         -7.9518, -7.4470, -7.3305, -6.5444, -6.4591, -8.4064, -3.1121, -1.5973,
         -4.0069, -3.4719, -3.9042, -3.2496, -5.8985, -7.4843, -7.0345, -5.5358,
         -6.9451, -7.1729, -3.6254,  8.5475,  1.1193,  0.3802, -0.9466, -0.4204,
         -4.2860, -5.3946, -2.6508, -6.1878, -8.7258, -7.3082, -3.7777, -6.9634,
         -7.2513, -5.1465, -4.5329, -8.3954, -8.6730, -5.5897, -7.0112, -7.5682,
         -7.9816, -8.2090, -8.2903, -7.9980, -8.7006, -8.3096, -7.0645, -8.5973,
         -8.8637, -7.5063, -6.9179, -8.5081, -9.2913, -9.2039, -8.4856, -6.5720,
         -7.2442, -8.3289, -5.9313, -8.0188, -8.9930, -5.9331, -9.4017, -9.0136,
         -6.9431, -9.2022, -8.6873, -5.9986, -7.6652, -8.4994, -8.7899, -9.3755,
         -5.8068, -7.8996, -8.4725, -6.6676, -7.8605, -9.2365, -8.5508, -9.2771,
         -8.4302, -7.4967, -7.4139, -8.8247, -8.8865, -7.2879, -8.2703, -9.1465,
         -8.7286, -6.9121, -6.9408, -9.1989, -8.9517, -9.2893, -8.7852, -8.0900,
         -9.4304, -8.9326, -9.5167, -9.5940, -8.9155, -9.8059, -9.6250, -8.9593,
         -8.7664, -9.5757, -9.0274, -9.2437, -9.6490, -8.2940, -8.6572, -7.2743,
         -9.0689, -9.0501, -8.6765, -6.4646, -7.4795, -8.4987, -8.4404, -8.7026,
         -8.5544, -9.3198, -8.5514, -8.9233, -9.4235, -9.6466, -9.5579, -9.4554,
         -9.1327, -7.0456, -5.7086, -8.9433, -8.2144, -9.6203, -6.9512, -9.1811,
         -9.1506, -9.2610, -7.9488, -8.1160, -9.5378, -9.0879, -8.9176, -8.5300,
         -7.5480, -7.5922, -8.5933, -8.7786, -7.3917, -6.3759, -9.3884, -9.7751,
         -9.7864, -9.7904, -9.7843, -9.7901, -9.7908, -9.7818, -9.7862, -9.7922,
         -9.7915, -9.7878, -9.7920, -9.7949, -9.7889, -9.7956, -9.7948, -9.7848,
         -9.7937, -9.7925, -9.7900, -9.7936, -9.7870, -9.7735, -9.7796, -9.7871,
         -9.7748, -9.7828, -9.7873, -9.7846, -9.7790, -9.7896, -9.8020, -9.7878,
         -9.7891, -9.7868, -9.7878, -9.7829, -9.7872, -9.7889, -9.7836, -9.7898,
         -9.7917, -9.7937, -9.7934, -9.7906, -9.7925, -9.7883, -9.7801, -9.7951,
         -9.7907, -9.7913, -9.7950, -9.7936, -9.7879, -9.7894, -9.7898, -9.7798,
         -9.7808, -9.7791, -9.7923, -9.7843, -9.7849, -9.7912, -9.7859, -9.7772,
         -9.7800, -9.7915, -9.7757, -9.7802, -9.7882, -9.7884, -9.7911, -9.7905,
         -9.7823, -9.7863, -9.7887, -9.7903, -9.7872, -9.7940, -9.7927, -9.7909,
         -9.7926, -9.7922, -9.7864, -9.7842, -9.7887, -9.7868, -9.7832, -9.7902,
         -9.7856, -9.7795, -9.7844, -9.7815, -9.7766, -9.7812, -9.7864, -9.7833,
         -9.7874, -9.7860, -9.7768, -9.7877, -9.7919, -9.7920, -9.7842, -9.7878,
         -9.7782, -9.7806, -9.7862, -9.7852, -9.7872, -9.7862, -9.7884, -9.7852,
         -9.7844, -9.7857, -9.7836, -9.7848, -9.7844, -9.7895, -9.7892, -9.7877,
         -9.7884, -9.7837, -9.7837, -9.7760, -9.7812, -9.7858, -9.7822, -9.7754,
         -9.8065, -9.7748, -9.7778, -9.7775, -9.7816, -9.7816, -9.7816, -9.7854,
         -9.7807, -9.7779, -9.7859, -9.7869, -9.7901, -9.7901, -9.7904, -9.7781,
         -9.7935, -9.7913, -9.7879, -9.7865, -9.7884, -9.7865, -9.7851, -9.7862,
         -9.7878, -9.7802, -9.7838, -9.7793, -9.7826, -9.7835, -9.7972, -9.7829,
         -9.7744, -9.7785, -9.7772, -9.7865, -9.7871, -9.7850, -9.7820, -9.7878,
         -9.7876, -9.7845, -9.7865, -9.7851, -9.7828, -9.7850, -9.7873, -9.7715,
         -9.7747, -9.7957, -9.7808, -9.7763, -9.7861, -9.7785, -9.7780, -9.7925,
         -9.7892, -9.7909, -9.7892, -9.7871, -9.7846, -9.7902, -9.7877, -9.7845,
         -9.7851, -9.7899, -9.7876, -9.7838, -9.7865, -9.8323, -9.7878, -9.7815,
         -9.7906, -9.7845, -9.7856, -9.7956, -9.7889, -9.7729, -9.7731, -9.7772,
         -9.7828, -9.7792, -9.7852, -9.7889, -9.7993, -9.7989, -9.7910, -9.7906]],
       device='cuda:0')

 *********************

 input_ids [101, 2054, 2154, 2001, 1996, 2208, 2209, 2006, 1029, 102, 3565, 4605, 2753, 2001, 2019, 2137, 2374, 2208, 2000, 5646, 1996, 3410, 1997, 1996, 2120, 2374, 2223, 1006, 5088, 1007, 2005, 1996, 2325, 2161, 1012, 1996, 2137, 2374, 3034, 1006, 10511, 1007, 3410, 7573, 14169, 3249, 1996, 2120, 2374, 3034, 1006, 22309, 1007, 3410, 3792, 12915, 2484, 1516, 2184, 2000, 7796, 2037, 2353, 3565, 4605, 2516, 1012, 1996, 2208, 2001, 2209, 2006, 2337, 1021, 1010, 2355, 1010, 2012, 11902, 1005, 1055, 3346, 1999, 1996, 2624, 3799, 3016, 2181, 2012, 4203, 10254, 1010, 2662, 1012, 2004, 2023, 2001, 1996, 12951, 3565, 4605, 1010, 1996, 2223, 13155, 1996, 1000, 3585, 5315, 1000, 2007, 2536, 2751, 1011, 11773, 11107, 1010, 2004, 2092, 2004, 8184, 28324, 2075, 1996, 4535, 1997, 10324, 2169, 3565, 4605, 2208, 2007, 3142, 16371, 28990, 2015, 1006, 2104, 2029, 1996, 2208, 2052, 2031, 2042, 2124, 2004, 1000, 3565, 4605, 1048, 1000, 1007, 1010, 2061, 2008, 1996, 8154, 2071, 14500, 3444, 1996, 5640, 16371, 28990, 2015, 2753, 1012, 102, 0, 0, 0, 0, 0, 0, 0, 0, 0, 0, 0, 0, 0, 0, 0, 0, 0, 0, 0, 0, 0, 0, 0, 0, 0, 0, 0, 0, 0, 0, 0, 0, 0, 0, 0, 0, 0, 0, 0, 0, 0, 0, 0, 0, 0, 0, 0, 0, 0, 0, 0, 0, 0, 0, 0, 0, 0, 0, 0, 0, 0, 0, 0, 0, 0, 0, 0, 0, 0, 0, 0, 0, 0, 0, 0, 0, 0, 0, 0, 0, 0, 0, 0, 0, 0, 0, 0, 0, 0, 0, 0, 0, 0, 0, 0, 0, 0, 0, 0, 0, 0, 0, 0, 0, 0, 0, 0, 0, 0, 0, 0, 0, 0, 0, 0, 0, 0, 0, 0, 0, 0, 0, 0, 0, 0, 0, 0, 0, 0, 0, 0, 0, 0, 0, 0, 0, 0, 0, 0, 0, 0, 0, 0, 0, 0, 0, 0, 0, 0, 0, 0, 0, 0, 0, 0, 0, 0, 0, 0, 0, 0, 0, 0, 0, 0, 0, 0, 0, 0, 0, 0, 0, 0, 0, 0, 0, 0, 0, 0, 0, 0, 0, 0, 0, 0, 0, 0, 0, 0, 0, 0, 0, 0, 0, 0, 0, 0, 0, 0, 0, 0, 0, 0, 0, 0, 0, 0, 0, 0, 0, 0, 0, 0, 0, 0, 0]

 input_mask [1, 1, 1, 1, 1, 1, 1, 1, 1, 1, 1, 1, 1, 1, 1, 1, 1, 1, 1, 1, 1, 1, 1, 1, 1, 1, 1, 1, 1, 1, 1, 1, 1, 1, 1, 1, 1, 1, 1, 1, 1, 1, 1, 1, 1, 1, 1, 1, 1, 1, 1, 1, 1, 1, 1, 1, 1, 1, 1, 1, 1, 1, 1, 1, 1, 1, 1, 1, 1, 1, 1, 1, 1, 1, 1, 1, 1, 1, 1, 1, 1, 1, 1, 1, 1, 1, 1, 1, 1, 1, 1, 1, 1, 1, 1, 1, 1, 1, 1, 1, 1, 1, 1, 1, 1, 1, 1, 1, 1, 1, 1, 1, 1, 1, 1, 1, 1, 1, 1, 1, 1, 1, 1, 1, 1, 1, 1, 1, 1, 1, 1, 1, 1, 1, 1, 1, 1, 1, 1, 1, 1, 1, 1, 1, 1, 1, 1, 1, 1, 1, 1, 1, 1, 1, 1, 1, 1, 1, 1, 1, 1, 1, 1, 1, 1, 1, 1, 1, 0, 0, 0, 0, 0, 0, 0, 0, 0, 0, 0, 0, 0, 0, 0, 0, 0, 0, 0, 0, 0, 0, 0, 0, 0, 0, 0, 0, 0, 0, 0, 0, 0, 0, 0, 0, 0, 0, 0, 0, 0, 0, 0, 0, 0, 0, 0, 0, 0, 0, 0, 0, 0, 0, 0, 0, 0, 0, 0, 0, 0, 0, 0, 0, 0, 0, 0, 0, 0, 0, 0, 0, 0, 0, 0, 0, 0, 0, 0, 0, 0, 0, 0, 0, 0, 0, 0, 0, 0, 0, 0, 0, 0, 0, 0, 0, 0, 0, 0, 0, 0, 0, 0, 0, 0, 0, 0, 0, 0, 0, 0, 0, 0, 0, 0, 0, 0, 0, 0, 0, 0, 0, 0, 0, 0, 0, 0, 0, 0, 0, 0, 0, 0, 0, 0, 0, 0, 0, 0, 0, 0, 0, 0, 0, 0, 0, 0, 0, 0, 0, 0, 0, 0, 0, 0, 0, 0, 0, 0, 0, 0, 0, 0, 0, 0, 0, 0, 0, 0, 0, 0, 0, 0, 0, 0, 0, 0, 0, 0, 0, 0, 0, 0, 0, 0, 0, 0, 0, 0, 0, 0, 0, 0, 0, 0, 0, 0, 0, 0, 0, 0, 0, 0, 0, 0, 0, 0, 0, 0, 0, 0, 0, 0, 0, 0, 0]

 start_scores tensor([[-9.1677, -8.3783, -9.0287, -8.8877, -9.0244, -9.4068, -9.0058, -8.9031,
         -9.7521, -9.1506, -2.0413, -6.7576, -4.9350, -8.0460, -7.8425, -6.9964,
         -8.2069, -8.0828, -7.8959, -7.7029, -7.8626, -7.5789, -9.3110, -8.1360,
         -6.7594, -7.7138, -8.1082, -7.1981, -7.4960, -8.0974, -7.6813, -7.0624,
         -4.6538, -7.1051, -7.1958, -6.6962, -5.8925, -8.1275, -8.4867, -6.8456,
         -8.0550, -8.6643, -7.7866, -4.7073, -7.4808, -8.5470, -7.6033, -6.3534,
         -8.1072, -8.3443, -6.9434, -7.8096, -8.6379, -8.3478, -4.5808, -7.1494,
         -7.3039, -7.9583, -7.8655, -8.0272, -7.9164, -8.5592, -7.8926, -6.3298,
         -8.3579, -8.8957, -6.4400,  1.4826, -2.0046, -2.8664, -1.8859,  0.2382,
          6.3764, -0.1620, -3.8631, -2.0413, -4.4946, -3.1931, -1.4624, -9.0820,
         -6.8213, -4.5297, -5.8378, -6.2679, -2.9273, -5.6816, -5.9768, -6.2667,
         -6.3692, -2.2307, -6.2878, -6.0436, -4.4523, -4.5488, -8.3728, -6.5376,
         -8.4181, -6.2426, -4.7892, -5.8396, -8.2061, -8.5774, -7.4571, -8.8515,
         -9.0195, -8.3195, -7.3709, -6.8437, -8.6320, -9.1794, -9.1759, -8.5367,
         -8.5638, -9.4141, -8.7581, -9.4450, -9.5117, -8.7101, -9.7262, -9.5492,
         -8.5955, -8.6097, -9.5139, -9.0975, -9.2320, -9.6239, -8.4671, -8.6431,
         -7.0384, -9.2203, -9.2828, -8.7569, -7.3384, -7.9542, -9.0605, -9.1190,
         -8.9379, -8.9223, -9.4709, -8.6122, -9.0267, -9.4969, -9.6895, -9.6319,
         -9.4769, -9.3237, -8.1230, -6.3965, -9.3971, -9.0950, -9.6793, -9.0518,
         -9.0917, -8.9625, -9.1581, -7.9603, -8.6313, -9.5042, -9.1226, -8.8790,
         -8.9053, -8.3727, -7.8229, -8.8555, -8.9910, -7.9197, -5.8443, -9.1969,
         -9.7315, -9.7341, -9.7467, -9.7386, -9.7421, -9.7380, -9.7324, -9.7217,
         -9.7371, -9.7362, -9.7317, -9.7394, -9.7440, -9.7307, -9.7450, -9.7422,
         -9.7263, -9.7449, -9.7451, -9.7427, -9.7564, -9.7500, -9.7360, -9.7287,
         -9.7519, -9.7360, -9.7260, -9.7427, -9.7451, -9.7252, -9.7362, -9.7517,
         -9.7422, -9.7351, -9.7393, -9.7410, -9.7265, -9.7369, -9.7451, -9.7424,
         -9.7245, -9.7485, -9.7389, -9.7320, -9.7278, -9.7420, -9.7405, -9.7286,
         -9.7453, -9.7456, -9.7368, -9.7449, -9.7454, -9.7384, -9.7392, -9.7472,
         -9.7476, -9.7462, -9.7307, -9.7431, -9.7466, -9.7415, -9.7437, -9.7491,
         -9.7315, -9.7270, -9.7551, -9.7313, -9.7285, -9.7429, -9.7311, -9.7343,
         -9.7362, -9.7272, -9.7281, -9.7428, -9.7410, -9.7340, -9.7421, -9.7428,
         -9.7339, -9.7393, -9.7433, -9.7361, -9.7350, -9.7428, -9.7452, -9.7416,
         -9.7472, -9.7493, -9.7285, -9.7662, -9.7556, -9.7270, -9.7474, -9.7499,
         -9.7320, -9.7333, -9.7440, -9.7279, -9.7307, -9.7424, -9.7395, -9.7316,
         -9.7404, -9.7315, -9.7236, -9.7449, -9.7373, -9.7236, -9.7424, -9.7363,
         -9.7386, -9.7319, -9.7362, -9.7422, -9.7391, -9.7390, -9.7384, -9.7419,
         -9.7462, -9.7364, -9.7451, -9.7455, -9.7342, -9.7473, -9.7469, -9.7419,
         -9.7346, -9.7693, -9.7483, -9.7277, -9.7426, -9.7444, -9.7341, -9.7262,
         -9.7463, -9.7372, -9.7281, -9.7402, -9.7377, -9.7423, -9.7415, -9.7441,
         -9.7382, -9.7471, -9.7451, -9.7428, -9.7433, -9.7382, -9.7445, -9.7488,
         -9.7484, -9.7512, -9.7463, -9.7477, -9.7550, -9.7484, -9.7342, -9.7750,
         -9.7458, -9.7184, -9.7418, -9.7393, -9.7371, -9.7394, -9.7413, -9.7392,
         -9.7491, -9.7468, -9.7542, -9.7503, -9.7557, -9.7429, -9.7509, -9.7535,
         -9.7458, -9.7426, -9.7625, -9.7512, -9.7373, -9.7632, -9.7469, -9.7321,
         -9.7644, -9.7519, -9.7420, -9.7505, -9.7525, -9.7490, -9.7530, -9.7521,
         -9.7581, -9.7533, -9.7594, -9.7616, -9.7552, -9.7638, -9.7944, -9.7575,
         -9.7309, -9.7398, -9.7454, -9.7356, -9.7602, -9.7543, -9.7358, -9.7340,
         -9.7438, -9.7467, -9.7473, -9.7521, -9.7602, -9.7575, -9.7672, -9.7585]],
       device='cuda:0')

 *********************

 input_ids [101, 2054, 2154, 2001, 1996, 3565, 4605, 2209, 2006, 1029, 102, 3565, 4605, 2753, 2001, 2019, 2137, 2374, 2208, 2000, 5646, 1996, 3410, 1997, 1996, 2120, 2374, 2223, 1006, 5088, 1007, 2005, 1996, 2325, 2161, 1012, 1996, 2137, 2374, 3034, 1006, 10511, 1007, 3410, 7573, 14169, 3249, 1996, 2120, 2374, 3034, 1006, 22309, 1007, 3410, 3792, 12915, 2484, 1516, 2184, 2000, 7796, 2037, 2353, 3565, 4605, 2516, 1012, 1996, 2208, 2001, 2209, 2006, 2337, 1021, 1010, 2355, 1010, 2012, 11902, 1005, 1055, 3346, 1999, 1996, 2624, 3799, 3016, 2181, 2012, 4203, 10254, 1010, 2662, 1012, 2004, 2023, 2001, 1996, 12951, 3565, 4605, 1010, 1996, 2223, 13155, 1996, 1000, 3585, 5315, 1000, 2007, 2536, 2751, 1011, 11773, 11107, 1010, 2004, 2092, 2004, 8184, 28324, 2075, 1996, 4535, 1997, 10324, 2169, 3565, 4605, 2208, 2007, 3142, 16371, 28990, 2015, 1006, 2104, 2029, 1996, 2208, 2052, 2031, 2042, 2124, 2004, 1000, 3565, 4605, 1048, 1000, 1007, 1010, 2061, 2008, 1996, 8154, 2071, 14500, 3444, 1996, 5640, 16371, 28990, 2015, 2753, 1012, 102, 0, 0, 0, 0, 0, 0, 0, 0, 0, 0, 0, 0, 0, 0, 0, 0, 0, 0, 0, 0, 0, 0, 0, 0, 0, 0, 0, 0, 0, 0, 0, 0, 0, 0, 0, 0, 0, 0, 0, 0, 0, 0, 0, 0, 0, 0, 0, 0, 0, 0, 0, 0, 0, 0, 0, 0, 0, 0, 0, 0, 0, 0, 0, 0, 0, 0, 0, 0, 0, 0, 0, 0, 0, 0, 0, 0, 0, 0, 0, 0, 0, 0, 0, 0, 0, 0, 0, 0, 0, 0, 0, 0, 0, 0, 0, 0, 0, 0, 0, 0, 0, 0, 0, 0, 0, 0, 0, 0, 0, 0, 0, 0, 0, 0, 0, 0, 0, 0, 0, 0, 0, 0, 0, 0, 0, 0, 0, 0, 0, 0, 0, 0, 0, 0, 0, 0, 0, 0, 0, 0, 0, 0, 0, 0, 0, 0, 0, 0, 0, 0, 0, 0, 0, 0, 0, 0, 0, 0, 0, 0, 0, 0, 0, 0, 0, 0, 0, 0, 0, 0, 0, 0, 0, 0, 0, 0, 0, 0, 0, 0, 0, 0, 0, 0, 0, 0, 0, 0, 0, 0, 0, 0, 0, 0, 0, 0, 0, 0, 0, 0, 0, 0, 0, 0, 0, 0, 0, 0, 0, 0, 0, 0, 0, 0, 0]

 input_mask [1, 1, 1, 1, 1, 1, 1, 1, 1, 1, 1, 1, 1, 1, 1, 1, 1, 1, 1, 1, 1, 1, 1, 1, 1, 1, 1, 1, 1, 1, 1, 1, 1, 1, 1, 1, 1, 1, 1, 1, 1, 1, 1, 1, 1, 1, 1, 1, 1, 1, 1, 1, 1, 1, 1, 1, 1, 1, 1, 1, 1, 1, 1, 1, 1, 1, 1, 1, 1, 1, 1, 1, 1, 1, 1, 1, 1, 1, 1, 1, 1, 1, 1, 1, 1, 1, 1, 1, 1, 1, 1, 1, 1, 1, 1, 1, 1, 1, 1, 1, 1, 1, 1, 1, 1, 1, 1, 1, 1, 1, 1, 1, 1, 1, 1, 1, 1, 1, 1, 1, 1, 1, 1, 1, 1, 1, 1, 1, 1, 1, 1, 1, 1, 1, 1, 1, 1, 1, 1, 1, 1, 1, 1, 1, 1, 1, 1, 1, 1, 1, 1, 1, 1, 1, 1, 1, 1, 1, 1, 1, 1, 1, 1, 1, 1, 1, 1, 1, 1, 0, 0, 0, 0, 0, 0, 0, 0, 0, 0, 0, 0, 0, 0, 0, 0, 0, 0, 0, 0, 0, 0, 0, 0, 0, 0, 0, 0, 0, 0, 0, 0, 0, 0, 0, 0, 0, 0, 0, 0, 0, 0, 0, 0, 0, 0, 0, 0, 0, 0, 0, 0, 0, 0, 0, 0, 0, 0, 0, 0, 0, 0, 0, 0, 0, 0, 0, 0, 0, 0, 0, 0, 0, 0, 0, 0, 0, 0, 0, 0, 0, 0, 0, 0, 0, 0, 0, 0, 0, 0, 0, 0, 0, 0, 0, 0, 0, 0, 0, 0, 0, 0, 0, 0, 0, 0, 0, 0, 0, 0, 0, 0, 0, 0, 0, 0, 0, 0, 0, 0, 0, 0, 0, 0, 0, 0, 0, 0, 0, 0, 0, 0, 0, 0, 0, 0, 0, 0, 0, 0, 0, 0, 0, 0, 0, 0, 0, 0, 0, 0, 0, 0, 0, 0, 0, 0, 0, 0, 0, 0, 0, 0, 0, 0, 0, 0, 0, 0, 0, 0, 0, 0, 0, 0, 0, 0, 0, 0, 0, 0, 0, 0, 0, 0, 0, 0, 0, 0, 0, 0, 0, 0, 0, 0, 0, 0, 0, 0, 0, 0, 0, 0, 0, 0, 0, 0, 0, 0, 0, 0, 0, 0, 0, 0, 0]

 start_scores tensor([[-9.0982, -8.3528, -9.0349, -8.9723, -8.9360, -8.3859, -9.7157, -9.1141,
         -8.6223, -9.8075, -9.2177, -1.8584, -6.5450, -4.2464, -7.8630, -7.5724,
         -6.7452, -8.0342, -7.8654, -7.8065, -7.7171, -7.8923, -7.5784, -9.3264,
         -7.9595, -6.7289, -7.6486, -7.9765, -7.3079, -7.3264, -8.0790, -7.4977,
         -6.7657, -4.1348, -6.8591, -6.9752, -6.2751, -5.8412, -8.0877, -8.3624,
         -6.6936, -7.7750, -8.5993, -7.8144, -4.7054, -7.4720, -8.4073, -7.5676,
         -6.2151, -8.0752, -8.2827, -7.0123, -7.5215, -8.5997, -8.3270, -4.6574,
         -7.1483, -7.0991, -7.8034, -7.7760, -7.8921, -7.6632, -8.6206, -7.6014,
         -6.0990, -8.3188, -8.8615, -5.7397,  1.3651, -2.9197, -3.1471, -1.9193,
          0.1813,  6.7178,  0.1131, -4.0376, -1.8709, -4.6513, -3.2624, -1.5307,
         -9.1254, -6.9992, -4.6735, -6.0241, -6.4448, -2.8103, -5.7163, -5.9749,
         -6.4035, -6.3743, -2.1348, -6.3924, -6.2080, -4.5466, -4.5959, -7.8873,
         -5.1349, -7.9402, -5.3026, -3.8229, -5.8297, -8.0406, -8.0947, -7.2928,
         -8.8575, -8.9614, -8.1434, -7.1896, -6.5760, -8.3195, -9.0325, -9.1604,
         -8.3341, -8.4062, -9.4158, -8.7786, -9.4436, -9.4388, -8.6838, -9.7841,
         -9.5880, -8.4563, -8.6265, -9.5814, -9.0938, -9.2108, -9.6561, -8.4232,
         -8.6818, -7.5792, -9.4334, -9.2116, -8.8130, -7.1613, -7.8918, -8.9681,
         -9.0929, -8.9907, -8.9267, -9.4955, -8.6124, -9.0753, -9.5476, -9.7216,
         -9.6640, -9.4871, -9.3169, -8.1858, -6.5564, -9.4490, -9.1490, -9.6525,
         -9.5134, -9.0246, -8.9534, -9.1524, -7.9082, -8.6554, -9.5425, -9.0872,
         -8.9288, -8.9100, -8.2371, -7.8172, -8.8693, -9.0106, -7.7404, -5.8199,
         -9.2970, -9.8016, -9.8216, -9.8253, -9.7999, -9.8192, -9.8172, -9.8063,
         -9.8071, -9.8214, -9.8242, -9.8113, -9.8247, -9.8173, -9.8232, -9.8223,
         -9.8126, -9.8217, -9.8248, -9.8234, -9.8240, -9.8295, -9.8244, -9.8090,
         -9.8197, -9.8262, -9.8034, -9.8115, -9.8148, -9.8165, -9.8047, -9.8218,
         -9.8306, -9.8163, -9.8123, -9.8215, -9.8198, -9.8146, -9.8228, -9.8212,
         -9.7995, -9.7999, -9.8226, -9.8252, -9.8056, -9.8109, -9.8186, -9.8152,
         -9.8206, -9.8250, -9.8202, -9.8080, -9.8269, -9.8313, -9.8246, -9.8207,
         -9.8220, -9.8269, -9.8120, -9.8094, -9.8287, -9.8247, -9.8211, -9.8189,
         -9.8294, -9.8110, -9.8167, -9.8255, -9.8035, -9.8189, -9.8235, -9.8070,
         -9.8142, -9.8152, -9.8072, -9.8176, -9.8225, -9.8071, -9.8084, -9.8285,
         -9.8185, -9.8132, -9.8214, -9.8195, -9.8124, -9.8179, -9.8160, -9.8242,
         -9.8177, -9.8291, -9.8249, -9.8204, -9.8369, -9.8189, -9.8020, -9.8272,
         -9.8297, -9.8049, -9.8145, -9.8179, -9.8038, -9.8224, -9.8207, -9.8115,
         -9.8139, -9.8160, -9.8080, -9.8012, -9.8262, -9.8036, -9.8103, -9.8139,
         -9.8180, -9.8131, -9.8160, -9.8164, -9.8172, -9.8151, -9.8199, -9.8183,
         -9.8244, -9.8215, -9.8110, -9.8276, -9.8194, -9.8190, -9.8233, -9.8224,
         -9.8191, -9.8234, -9.8386, -9.8111, -9.7996, -9.8231, -9.8192, -9.8129,
         -9.8094, -9.8158, -9.8118, -9.8082, -9.8186, -9.8183, -9.8181, -9.8183,
         -9.8184, -9.8161, -9.8260, -9.8224, -9.8081, -9.8330, -9.8214, -9.8185,
         -9.8206, -9.8262, -9.8217, -9.8173, -9.8229, -9.8276, -9.8241, -9.8227,
         -9.8454, -9.8018, -9.7934, -9.8213, -9.8282, -9.8213, -9.8141, -9.8172,
         -9.8245, -9.8260, -9.8256, -9.8208, -9.8315, -9.8283, -9.8165, -9.8279,
         -9.8304, -9.8135, -9.8238, -9.8304, -9.8232, -9.8212, -9.8268, -9.8210,
         -9.8205, -9.8295, -9.8103, -9.8186, -9.8263, -9.8233, -9.8230, -9.8307,
         -9.8240, -9.8281, -9.8257, -9.8351, -9.8324, -9.8276, -9.8372, -9.8367,
         -9.8066, -9.8075, -9.8212, -9.8264, -9.8197, -9.8288, -9.8226, -9.8083,
         -9.8119, -9.8172, -9.8184, -9.8196, -9.8302, -9.8309, -9.8332, -9.8374]],
       device='cuda:0')

 *********************

 input_ids [101, 2029, 5088, 2136, 2180, 3565, 4605, 2753, 1029, 102, 3565, 4605, 2753, 2001, 2019, 2137, 2374, 2208, 2000, 5646, 1996, 3410, 1997, 1996, 2120, 2374, 2223, 1006, 5088, 1007, 2005, 1996, 2325, 2161, 1012, 1996, 2137, 2374, 3034, 1006, 10511, 1007, 3410, 7573, 14169, 3249, 1996, 2120, 2374, 3034, 1006, 22309, 1007, 3410, 3792, 12915, 2484, 1516, 2184, 2000, 7796, 2037, 2353, 3565, 4605, 2516, 1012, 1996, 2208, 2001, 2209, 2006, 2337, 1021, 1010, 2355, 1010, 2012, 11902, 1005, 1055, 3346, 1999, 1996, 2624, 3799, 3016, 2181, 2012, 4203, 10254, 1010, 2662, 1012, 2004, 2023, 2001, 1996, 12951, 3565, 4605, 1010, 1996, 2223, 13155, 1996, 1000, 3585, 5315, 1000, 2007, 2536, 2751, 1011, 11773, 11107, 1010, 2004, 2092, 2004, 8184, 28324, 2075, 1996, 4535, 1997, 10324, 2169, 3565, 4605, 2208, 2007, 3142, 16371, 28990, 2015, 1006, 2104, 2029, 1996, 2208, 2052, 2031, 2042, 2124, 2004, 1000, 3565, 4605, 1048, 1000, 1007, 1010, 2061, 2008, 1996, 8154, 2071, 14500, 3444, 1996, 5640, 16371, 28990, 2015, 2753, 1012, 102, 0, 0, 0, 0, 0, 0, 0, 0, 0, 0, 0, 0, 0, 0, 0, 0, 0, 0, 0, 0, 0, 0, 0, 0, 0, 0, 0, 0, 0, 0, 0, 0, 0, 0, 0, 0, 0, 0, 0, 0, 0, 0, 0, 0, 0, 0, 0, 0, 0, 0, 0, 0, 0, 0, 0, 0, 0, 0, 0, 0, 0, 0, 0, 0, 0, 0, 0, 0, 0, 0, 0, 0, 0, 0, 0, 0, 0, 0, 0, 0, 0, 0, 0, 0, 0, 0, 0, 0, 0, 0, 0, 0, 0, 0, 0, 0, 0, 0, 0, 0, 0, 0, 0, 0, 0, 0, 0, 0, 0, 0, 0, 0, 0, 0, 0, 0, 0, 0, 0, 0, 0, 0, 0, 0, 0, 0, 0, 0, 0, 0, 0, 0, 0, 0, 0, 0, 0, 0, 0, 0, 0, 0, 0, 0, 0, 0, 0, 0, 0, 0, 0, 0, 0, 0, 0, 0, 0, 0, 0, 0, 0, 0, 0, 0, 0, 0, 0, 0, 0, 0, 0, 0, 0, 0, 0, 0, 0, 0, 0, 0, 0, 0, 0, 0, 0, 0, 0, 0, 0, 0, 0, 0, 0, 0, 0, 0, 0, 0, 0, 0, 0, 0, 0, 0, 0, 0, 0, 0, 0, 0, 0, 0, 0, 0, 0, 0]

 input_mask [1, 1, 1, 1, 1, 1, 1, 1, 1, 1, 1, 1, 1, 1, 1, 1, 1, 1, 1, 1, 1, 1, 1, 1, 1, 1, 1, 1, 1, 1, 1, 1, 1, 1, 1, 1, 1, 1, 1, 1, 1, 1, 1, 1, 1, 1, 1, 1, 1, 1, 1, 1, 1, 1, 1, 1, 1, 1, 1, 1, 1, 1, 1, 1, 1, 1, 1, 1, 1, 1, 1, 1, 1, 1, 1, 1, 1, 1, 1, 1, 1, 1, 1, 1, 1, 1, 1, 1, 1, 1, 1, 1, 1, 1, 1, 1, 1, 1, 1, 1, 1, 1, 1, 1, 1, 1, 1, 1, 1, 1, 1, 1, 1, 1, 1, 1, 1, 1, 1, 1, 1, 1, 1, 1, 1, 1, 1, 1, 1, 1, 1, 1, 1, 1, 1, 1, 1, 1, 1, 1, 1, 1, 1, 1, 1, 1, 1, 1, 1, 1, 1, 1, 1, 1, 1, 1, 1, 1, 1, 1, 1, 1, 1, 1, 1, 1, 1, 1, 0, 0, 0, 0, 0, 0, 0, 0, 0, 0, 0, 0, 0, 0, 0, 0, 0, 0, 0, 0, 0, 0, 0, 0, 0, 0, 0, 0, 0, 0, 0, 0, 0, 0, 0, 0, 0, 0, 0, 0, 0, 0, 0, 0, 0, 0, 0, 0, 0, 0, 0, 0, 0, 0, 0, 0, 0, 0, 0, 0, 0, 0, 0, 0, 0, 0, 0, 0, 0, 0, 0, 0, 0, 0, 0, 0, 0, 0, 0, 0, 0, 0, 0, 0, 0, 0, 0, 0, 0, 0, 0, 0, 0, 0, 0, 0, 0, 0, 0, 0, 0, 0, 0, 0, 0, 0, 0, 0, 0, 0, 0, 0, 0, 0, 0, 0, 0, 0, 0, 0, 0, 0, 0, 0, 0, 0, 0, 0, 0, 0, 0, 0, 0, 0, 0, 0, 0, 0, 0, 0, 0, 0, 0, 0, 0, 0, 0, 0, 0, 0, 0, 0, 0, 0, 0, 0, 0, 0, 0, 0, 0, 0, 0, 0, 0, 0, 0, 0, 0, 0, 0, 0, 0, 0, 0, 0, 0, 0, 0, 0, 0, 0, 0, 0, 0, 0, 0, 0, 0, 0, 0, 0, 0, 0, 0, 0, 0, 0, 0, 0, 0, 0, 0, 0, 0, 0, 0, 0, 0, 0, 0, 0, 0, 0, 0, 0]

 start_scores tensor([[-8.2447, -7.6321, -8.6996, -8.5407, -9.0199, -8.3979, -9.7677, -9.4945,
         -9.9648, -9.2770, -3.2323, -7.0087, -6.4527, -8.1653, -7.3829, -5.4219,
         -6.6843, -7.4959, -7.3947, -6.4524, -5.3931, -4.7900, -8.9359, -4.9421,
         -2.2688, -4.3784, -4.8925, -6.3485, -4.0367, -6.8461, -7.1557, -6.3347,
         -4.3282, -6.4356, -4.7345,  2.3253, -0.3491, -5.2447, -5.8534, -2.7024,
         -2.9822, -6.9999, -4.1904,  5.7756, -0.6129, -5.0735, -3.0164, -2.3046,
         -6.4348, -6.8858, -4.6482, -4.4274, -7.9727, -6.8212,  1.5042, -2.2173,
         -5.0273, -5.5862, -5.4427, -4.0392, -4.4361, -6.1249, -6.0686, -5.1199,
         -7.4910, -6.8480, -5.9499, -4.9795, -7.5324, -8.8460, -8.5293, -7.8664,
         -6.0615, -7.0596, -8.0283, -4.1460, -7.5602, -8.4265, -5.5819, -9.3092,
         -9.0008, -7.0588, -8.8318, -8.4037, -5.6095, -7.0838, -8.1600, -8.4728,
         -8.9911, -5.3555, -7.6869, -7.9589, -6.3595, -6.4924, -9.0185, -7.4740,
         -8.7905, -7.3725, -5.5027, -6.9622, -8.5974, -8.8812, -8.0655, -8.8203,
         -9.3471, -8.8326, -7.9900, -7.6670, -9.1257, -9.5611, -9.3848, -8.9870,
         -8.6611, -9.5430, -9.0875, -9.5661, -9.6805, -9.0935, -9.8372, -9.6455,
         -9.0774, -9.0573, -9.6973, -9.2555, -9.4433, -9.7289, -8.8495, -8.8729,
         -8.0417, -9.4449, -9.2069, -9.0139, -7.7333, -8.1809, -9.3418, -9.2691,
         -9.1089, -8.9945, -9.5081, -8.8120, -9.1227, -9.5565, -9.7626, -9.6887,
         -9.5845, -9.4597, -8.3368, -6.3948, -9.3734, -9.2768, -9.7195, -6.3044,
         -9.3834, -9.3700, -9.2873, -8.3353, -8.7638, -9.5841, -9.1838, -8.9808,
         -9.0263, -8.4478, -8.0701, -9.2345, -9.2215, -8.5293, -6.2919, -9.2791,
         -9.9100, -9.9006, -9.9052, -9.8684, -9.8404, -9.8659, -9.9022, -9.9208,
         -9.8832, -9.9175, -9.9294, -9.9066, -9.9312, -9.9367, -9.9272, -9.9203,
         -9.9334, -9.9152, -9.9151, -9.9260, -9.9359, -9.9108, -9.9278, -9.9196,
         -9.8745, -9.8794, -9.8852, -9.8624, -9.8560, -9.9185, -9.9170, -9.9428,
         -9.9135, -9.9184, -9.8850, -9.9033, -9.9311, -9.9340, -9.9305, -9.9225,
         -9.9313, -9.8531, -9.9163, -9.9144, -9.8823, -9.8951, -9.9146, -9.9337,
         -9.9057, -9.9139, -9.9289, -9.8892, -9.9200, -9.9101, -9.8791, -9.9172,
         -9.9118, -9.9029, -9.9181, -9.8949, -9.9025, -9.9037, -9.8974, -9.9087,
         -9.9100, -9.9178, -9.9267, -9.9037, -9.9126, -9.8520, -9.9029, -9.8945,
         -9.8903, -9.9212, -9.9218, -9.9021, -9.9151, -9.9345, -9.8845, -9.9254,
         -9.9217, -9.8906, -9.9263, -9.9171, -9.9195, -9.9014, -9.9011, -9.9286,
         -9.9058, -9.9176, -9.9238, -9.9379, -9.9167, -9.9188, -9.8570, -9.8594,
         -9.9126, -9.8896, -9.9007, -9.9150, -9.9174, -9.9097, -9.9022, -9.9188,
         -9.9128, -9.9152, -9.9288, -9.8730, -9.9034, -9.9092, -9.8585, -9.9111,
         -9.9238, -9.9030, -9.8910, -9.9155, -9.9181, -9.9187, -9.9333, -9.9240,
         -9.9172, -9.9349, -9.8668, -9.9017, -9.8935, -9.8883, -9.9086, -9.9127,
         -9.9370, -9.9411, -9.8704, -9.9298, -9.8597, -9.8938, -9.8889, -9.9269,
         -9.9190, -9.9086, -9.9336, -9.9123, -9.9072, -9.9262, -9.9368, -9.9273,
         -9.9347, -9.9226, -9.9170, -9.9218, -9.8806, -9.9147, -9.9228, -9.9366,
         -9.9161, -9.9115, -9.9185, -9.9132, -9.9294, -9.9229, -9.9458, -9.9549,
         -9.9338, -9.9247, -9.8672, -9.9061, -9.8731, -9.9119, -9.9200, -9.9297,
         -9.9251, -9.9268, -9.9514, -9.9069, -9.9354, -9.9106, -9.9306, -9.9202,
         -9.9061, -9.9361, -9.9331, -9.9065, -9.9255, -9.9576, -9.9192, -9.9390,
         -9.9525, -9.9317, -9.9430, -9.9247, -9.9380, -9.9312, -9.9399, -9.9314,
         -9.9388, -9.9316, -9.9511, -9.9409, -9.9354, -9.9532, -9.9716, -9.8880,
         -9.9016, -9.8962, -9.9023, -9.9125, -9.9527, -9.8862, -9.9116, -9.8787,
         -9.9110, -9.9142, -9.9276, -9.9528, -9.9613, -9.9612, -9.9754, -9.9445]],
       device='cuda:0')

 *********************

 input_ids [101, 2054, 2001, 1996, 4323, 1997, 3565, 4605, 2753, 1029, 102, 3565, 4605, 2753, 2001, 2019, 2137, 2374, 2208, 2000, 5646, 1996, 3410, 1997, 1996, 2120, 2374, 2223, 1006, 5088, 1007, 2005, 1996, 2325, 2161, 1012, 1996, 2137, 2374, 3034, 1006, 10511, 1007, 3410, 7573, 14169, 3249, 1996, 2120, 2374, 3034, 1006, 22309, 1007, 3410, 3792, 12915, 2484, 1516, 2184, 2000, 7796, 2037, 2353, 3565, 4605, 2516, 1012, 1996, 2208, 2001, 2209, 2006, 2337, 1021, 1010, 2355, 1010, 2012, 11902, 1005, 1055, 3346, 1999, 1996, 2624, 3799, 3016, 2181, 2012, 4203, 10254, 1010, 2662, 1012, 2004, 2023, 2001, 1996, 12951, 3565, 4605, 1010, 1996, 2223, 13155, 1996, 1000, 3585, 5315, 1000, 2007, 2536, 2751, 1011, 11773, 11107, 1010, 2004, 2092, 2004, 8184, 28324, 2075, 1996, 4535, 1997, 10324, 2169, 3565, 4605, 2208, 2007, 3142, 16371, 28990, 2015, 1006, 2104, 2029, 1996, 2208, 2052, 2031, 2042, 2124, 2004, 1000, 3565, 4605, 1048, 1000, 1007, 1010, 2061, 2008, 1996, 8154, 2071, 14500, 3444, 1996, 5640, 16371, 28990, 2015, 2753, 1012, 102, 0, 0, 0, 0, 0, 0, 0, 0, 0, 0, 0, 0, 0, 0, 0, 0, 0, 0, 0, 0, 0, 0, 0, 0, 0, 0, 0, 0, 0, 0, 0, 0, 0, 0, 0, 0, 0, 0, 0, 0, 0, 0, 0, 0, 0, 0, 0, 0, 0, 0, 0, 0, 0, 0, 0, 0, 0, 0, 0, 0, 0, 0, 0, 0, 0, 0, 0, 0, 0, 0, 0, 0, 0, 0, 0, 0, 0, 0, 0, 0, 0, 0, 0, 0, 0, 0, 0, 0, 0, 0, 0, 0, 0, 0, 0, 0, 0, 0, 0, 0, 0, 0, 0, 0, 0, 0, 0, 0, 0, 0, 0, 0, 0, 0, 0, 0, 0, 0, 0, 0, 0, 0, 0, 0, 0, 0, 0, 0, 0, 0, 0, 0, 0, 0, 0, 0, 0, 0, 0, 0, 0, 0, 0, 0, 0, 0, 0, 0, 0, 0, 0, 0, 0, 0, 0, 0, 0, 0, 0, 0, 0, 0, 0, 0, 0, 0, 0, 0, 0, 0, 0, 0, 0, 0, 0, 0, 0, 0, 0, 0, 0, 0, 0, 0, 0, 0, 0, 0, 0, 0, 0, 0, 0, 0, 0, 0, 0, 0, 0, 0, 0, 0, 0, 0, 0, 0, 0, 0, 0, 0, 0, 0, 0, 0, 0]

 input_mask [1, 1, 1, 1, 1, 1, 1, 1, 1, 1, 1, 1, 1, 1, 1, 1, 1, 1, 1, 1, 1, 1, 1, 1, 1, 1, 1, 1, 1, 1, 1, 1, 1, 1, 1, 1, 1, 1, 1, 1, 1, 1, 1, 1, 1, 1, 1, 1, 1, 1, 1, 1, 1, 1, 1, 1, 1, 1, 1, 1, 1, 1, 1, 1, 1, 1, 1, 1, 1, 1, 1, 1, 1, 1, 1, 1, 1, 1, 1, 1, 1, 1, 1, 1, 1, 1, 1, 1, 1, 1, 1, 1, 1, 1, 1, 1, 1, 1, 1, 1, 1, 1, 1, 1, 1, 1, 1, 1, 1, 1, 1, 1, 1, 1, 1, 1, 1, 1, 1, 1, 1, 1, 1, 1, 1, 1, 1, 1, 1, 1, 1, 1, 1, 1, 1, 1, 1, 1, 1, 1, 1, 1, 1, 1, 1, 1, 1, 1, 1, 1, 1, 1, 1, 1, 1, 1, 1, 1, 1, 1, 1, 1, 1, 1, 1, 1, 1, 1, 1, 0, 0, 0, 0, 0, 0, 0, 0, 0, 0, 0, 0, 0, 0, 0, 0, 0, 0, 0, 0, 0, 0, 0, 0, 0, 0, 0, 0, 0, 0, 0, 0, 0, 0, 0, 0, 0, 0, 0, 0, 0, 0, 0, 0, 0, 0, 0, 0, 0, 0, 0, 0, 0, 0, 0, 0, 0, 0, 0, 0, 0, 0, 0, 0, 0, 0, 0, 0, 0, 0, 0, 0, 0, 0, 0, 0, 0, 0, 0, 0, 0, 0, 0, 0, 0, 0, 0, 0, 0, 0, 0, 0, 0, 0, 0, 0, 0, 0, 0, 0, 0, 0, 0, 0, 0, 0, 0, 0, 0, 0, 0, 0, 0, 0, 0, 0, 0, 0, 0, 0, 0, 0, 0, 0, 0, 0, 0, 0, 0, 0, 0, 0, 0, 0, 0, 0, 0, 0, 0, 0, 0, 0, 0, 0, 0, 0, 0, 0, 0, 0, 0, 0, 0, 0, 0, 0, 0, 0, 0, 0, 0, 0, 0, 0, 0, 0, 0, 0, 0, 0, 0, 0, 0, 0, 0, 0, 0, 0, 0, 0, 0, 0, 0, 0, 0, 0, 0, 0, 0, 0, 0, 0, 0, 0, 0, 0, 0, 0, 0, 0, 0, 0, 0, 0, 0, 0, 0, 0, 0, 0, 0, 0, 0, 0, 0]

 start_scores tensor([[ -8.9857,  -8.8379,  -9.3658,  -9.2467,  -8.8185,  -9.5723,  -8.5982,
          -9.6840,  -9.3621, -10.0412,  -9.4663,  -2.2443,  -6.9177,  -6.1759,
          -3.3901,   0.4133,  -2.8141,  -4.3301,  -3.5797,   2.5670,   1.0408,
           0.7123,   2.2347,  -5.4898,  -3.1388,  -0.4993,  -3.3497,  -4.3312,
          -4.4540,  -2.9950,  -4.8615,  -2.3080,  -0.9723,  -0.5046,  -3.0914,
          -4.4201,  -5.4378,  -4.9614,  -6.6238,  -7.8568,  -6.2451,  -6.8690,
          -8.5273,  -7.6323,  -4.5589,  -6.9050,  -8.5054,  -8.2088,  -6.5351,
          -8.1347,  -8.5575,  -7.7050,  -7.9140,  -9.0712,  -8.7933,  -5.9322,
          -7.8631,  -7.5833,  -8.0797,  -7.9159,  -6.5381,  -6.0696,  -8.0490,
          -6.7126,  -5.2131,  -8.0361,  -7.7810,  -6.4718,  -5.5493,  -7.9987,
          -9.0987,  -8.9082,  -8.8589,  -6.9313,  -7.6983,  -8.5859,  -5.5510,
          -7.9441,  -8.7234,  -5.5781,  -9.3915,  -9.1585,  -7.4605,  -8.8613,
          -8.0252,  -5.4533,  -7.2004,  -7.9956,  -8.3451,  -9.0056,  -5.2693,
          -8.0343,  -8.4162,  -6.6199,  -6.5415,  -6.2562,  -3.6543,  -5.6113,
          -3.2366,  -1.4147,  -4.3076,  -6.6163,  -6.9565,  -2.6598,  -6.1713,
          -4.6803,   0.0499,   0.9062,   1.7820,  -2.2867,  -5.4222,  -7.3336,
          -4.9684,  -1.3575,  -8.0721,  -5.9688,  -6.6389,  -8.4120,  -8.0258,
         -10.0062,  -9.6665,  -6.4140,  -6.3889,  -8.6674,  -8.0041,  -7.6419,
          -9.5575,  -5.6877,  -6.8455,  -5.2943,  -8.4620,  -7.7919,  -7.1146,
          -3.5966,  -6.5759,  -7.6397,  -6.4201,  -8.0399,  -8.1243,  -9.3204,
          -7.8603,  -8.6322,  -9.4212,  -9.7724,  -9.7062,  -9.4019,  -9.0549,
          -6.7436,  -4.8470,  -8.9559,  -8.2709,  -9.4485,  -9.3564,  -8.7716,
          -8.2792,  -8.2410,  -5.4814,  -6.2482,  -9.0537,  -7.3650,  -7.4561,
          -6.9054,  -5.0450,  -6.6725,  -8.2580,  -7.7285,  -6.7149,  -5.9945,
          -9.2299,  -9.8890,  -9.8919,  -9.8927,  -9.8940,  -9.8863,  -9.8807,
          -9.8805,  -9.8849,  -9.8830,  -9.8864,  -9.8881,  -9.8856,  -9.8881,
          -9.9001,  -9.8832,  -9.8802,  -9.8907,  -9.8797,  -9.8734,  -9.8860,
          -9.8891,  -9.8757,  -9.8850,  -9.8892,  -9.8863,  -9.8883,  -9.8869,
          -9.8595,  -9.8660,  -9.8756,  -9.8789,  -9.8794,  -9.8814,  -9.8870,
          -9.8746,  -9.8775,  -9.8997,  -9.9027,  -9.8973,  -9.8966,  -9.9008,
          -9.8920,  -9.8921,  -9.8831,  -9.8748,  -9.8730,  -9.8781,  -9.8857,
          -9.8823,  -9.8891,  -9.8963,  -9.8898,  -9.8927,  -9.8851,  -9.8645,
          -9.8631,  -9.8613,  -9.8649,  -9.8749,  -9.8742,  -9.8672,  -9.8687,
          -9.8685,  -9.8898,  -9.8753,  -9.8801,  -9.8769,  -9.8970,  -9.8896,
          -9.8895,  -9.8943,  -9.8786,  -9.8790,  -9.8851,  -9.8897,  -9.8842,
          -9.8921,  -9.8956,  -9.8923,  -9.8883,  -9.8854,  -9.8811,  -9.8637,
          -9.8733,  -9.8789,  -9.8602,  -9.8681,  -9.8911,  -9.8918,  -9.8770,
          -9.8926,  -9.8976,  -9.8852,  -9.8928,  -9.8895,  -9.8892,  -9.8772,
          -9.8601,  -9.8640,  -9.8757,  -9.8813,  -9.8660,  -9.8784,  -9.8930,
          -9.8829,  -9.8891,  -9.8939,  -9.8924,  -9.8913,  -9.8846,  -9.8733,
          -9.8779,  -9.8729,  -9.8786,  -9.8722,  -9.8727,  -9.8772,  -9.8837,
          -9.8908,  -9.8823,  -9.8836,  -9.8899,  -9.8857,  -9.8739,  -9.8803,
          -9.8709,  -9.8733,  -9.8726,  -9.8824,  -9.8882,  -9.8781,  -9.8845,
          -9.8881,  -9.8777,  -9.8804,  -9.8739,  -9.8724,  -9.8783,  -9.8833,
          -9.8748,  -9.8784,  -9.8983,  -9.8970,  -9.8912,  -9.9014,  -9.8948,
          -9.8915,  -9.8937,  -9.8981,  -9.8805,  -9.8760,  -9.8827,  -9.8701,
          -9.8627,  -9.8791,  -9.8799,  -9.8752,  -9.8914,  -9.8949,  -9.9043,
          -9.8883,  -9.9022,  -9.8910,  -9.8955,  -9.8852,  -9.8731,  -9.8827,
          -9.8897,  -9.8873,  -9.8931,  -9.9023,  -9.8941,  -9.8853,  -9.8755,
          -9.8795,  -9.8785,  -9.8685,  -9.8798,  -9.8717,  -9.8753,  -9.9026,
          -9.8941,  -9.8939,  -9.8954,  -9.8951,  -9.8984,  -9.8923,  -9.8901,
          -9.8798,  -9.8868,  -9.8919,  -9.8779,  -9.8818,  -9.8891,  -9.9014,
          -9.8819,  -9.8938,  -9.9011,  -9.8922,  -9.8856,  -9.8951,  -9.8785,
          -9.8826,  -9.8805,  -9.8862,  -9.8783,  -9.8834,  -9.8665,  -9.8629,
          -9.8724,  -9.8909,  -9.9007,  -9.8943,  -9.9108,  -9.9047]],
       device='cuda:0')
No warnings encountered during test.

1 ERROR encountered. See detailed log.
2024-07-09 10:46:15.115368: I tensorflow/stream_executor/platform/default/dso_loader.cc:42] Successfully opened dynamic library libcudart.so.10.1
{"exact_match": 75.0, "f1": 75.0}
/usr/local/lib/python3.6/dist-packages/tensorflow/python/framework/dtypes.py:516: FutureWarning: Passing (type, 1) or '1type' as a synonym of type is deprecated; in a future version of numpy, it will be understood as (type, (1,)) / '(1,)type'.
  _np_qint8 = np.dtype([("qint8", np.int8, 1)])
/usr/local/lib/python3.6/dist-packages/tensorflow/python/framework/dtypes.py:517: FutureWarning: Passing (type, 1) or '1type' as a synonym of type is deprecated; in a future version of numpy, it will be understood as (type, (1,)) / '(1,)type'.
  _np_quint8 = np.dtype([("quint8", np.uint8, 1)])
/usr/local/lib/python3.6/dist-packages/tensorflow/python/framework/dtypes.py:518: FutureWarning: Passing (type, 1) or '1type' as a synonym of type is deprecated; in a future version of numpy, it will be understood as (type, (1,)) / '(1,)type'.
  _np_qint16 = np.dtype([("qint16", np.int16, 1)])
/usr/local/lib/python3.6/dist-packages/tensorflow/python/framework/dtypes.py:519: FutureWarning: Passing (type, 1) or '1type' as a synonym of type is deprecated; in a future version of numpy, it will be understood as (type, (1,)) / '(1,)type'.
  _np_quint16 = np.dtype([("quint16", np.uint16, 1)])
/usr/local/lib/python3.6/dist-packages/tensorflow/python/framework/dtypes.py:520: FutureWarning: Passing (type, 1) or '1type' as a synonym of type is deprecated; in a future version of numpy, it will be understood as (type, (1,)) / '(1,)type'.
  _np_qint32 = np.dtype([("qint32", np.int32, 1)])
/usr/local/lib/python3.6/dist-packages/tensorflow/python/framework/dtypes.py:525: FutureWarning: Passing (type, 1) or '1type' as a synonym of type is deprecated; in a future version of numpy, it will be understood as (type, (1,)) / '(1,)type'.
  np_resource = np.dtype([("resource", np.ubyte, 1)])
/usr/local/lib/python3.6/dist-packages/tensorboard/compat/tensorflow_stub/dtypes.py:541: FutureWarning: Passing (type, 1) or '1type' as a synonym of type is deprecated; in a future version of numpy, it will be understood as (type, (1,)) / '(1,)type'.
  _np_qint8 = np.dtype([("qint8", np.int8, 1)])
/usr/local/lib/python3.6/dist-packages/tensorboard/compat/tensorflow_stub/dtypes.py:542: FutureWarning: Passing (type, 1) or '1type' as a synonym of type is deprecated; in a future version of numpy, it will be understood as (type, (1,)) / '(1,)type'.
  _np_quint8 = np.dtype([("quint8", np.uint8, 1)])
/usr/local/lib/python3.6/dist-packages/tensorboard/compat/tensorflow_stub/dtypes.py:543: FutureWarning: Passing (type, 1) or '1type' as a synonym of type is deprecated; in a future version of numpy, it will be understood as (type, (1,)) / '(1,)type'.
  _np_qint16 = np.dtype([("qint16", np.int16, 1)])
/usr/local/lib/python3.6/dist-packages/tensorboard/compat/tensorflow_stub/dtypes.py:544: FutureWarning: Passing (type, 1) or '1type' as a synonym of type is deprecated; in a future version of numpy, it will be understood as (type, (1,)) / '(1,)type'.
  _np_quint16 = np.dtype([("quint16", np.uint16, 1)])
/usr/local/lib/python3.6/dist-packages/tensorboard/compat/tensorflow_stub/dtypes.py:545: FutureWarning: Passing (type, 1) or '1type' as a synonym of type is deprecated; in a future version of numpy, it will be understood as (type, (1,)) / '(1,)type'.
  _np_qint32 = np.dtype([("qint32", np.int32, 1)])
/usr/local/lib/python3.6/dist-packages/tensorboard/compat/tensorflow_stub/dtypes.py:550: FutureWarning: Passing (type, 1) or '1type' as a synonym of type is deprecated; in a future version of numpy, it will be understood as (type, (1,)) / '(1,)type'.
  np_resource = np.dtype([("resource", np.ubyte, 1)])
Reading examples...
Loading cached features from 'eval_features.pickle'...
Loading LoadGen logs...
Post-processing predictions...
Writing predictions to: build/result/predictions.json
unique_id_to_result 12
Evaluating predictions...
/usr/local/lib/python3.6/dist-packages/tensorflow/python/framework/dtypes.py:516: FutureWarning: Passing (type, 1) or '1type' as a synonym of type is deprecated; in a future version of numpy, it will be understood as (type, (1,)) / '(1,)type'.
  _np_qint8 = np.dtype([("qint8", np.int8, 1)])
/usr/local/lib/python3.6/dist-packages/tensorflow/python/framework/dtypes.py:517: FutureWarning: Passing (type, 1) or '1type' as a synonym of type is deprecated; in a future version of numpy, it will be understood as (type, (1,)) / '(1,)type'.
  _np_quint8 = np.dtype([("quint8", np.uint8, 1)])
/usr/local/lib/python3.6/dist-packages/tensorflow/python/framework/dtypes.py:518: FutureWarning: Passing (type, 1) or '1type' as a synonym of type is deprecated; in a future version of numpy, it will be understood as (type, (1,)) / '(1,)type'.
  _np_qint16 = np.dtype([("qint16", np.int16, 1)])
/usr/local/lib/python3.6/dist-packages/tensorflow/python/framework/dtypes.py:519: FutureWarning: Passing (type, 1) or '1type' as a synonym of type is deprecated; in a future version of numpy, it will be understood as (type, (1,)) / '(1,)type'.
  _np_quint16 = np.dtype([("quint16", np.uint16, 1)])
/usr/local/lib/python3.6/dist-packages/tensorflow/python/framework/dtypes.py:520: FutureWarning: Passing (type, 1) or '1type' as a synonym of type is deprecated; in a future version of numpy, it will be understood as (type, (1,)) / '(1,)type'.
  _np_qint32 = np.dtype([("qint32", np.int32, 1)])
/usr/local/lib/python3.6/dist-packages/tensorflow/python/framework/dtypes.py:525: FutureWarning: Passing (type, 1) or '1type' as a synonym of type is deprecated; in a future version of numpy, it will be understood as (type, (1,)) / '(1,)type'.
  np_resource = np.dtype([("resource", np.ubyte, 1)])
/usr/local/lib/python3.6/dist-packages/tensorboard/compat/tensorflow_stub/dtypes.py:541: FutureWarning: Passing (type, 1) or '1type' as a synonym of type is deprecated; in a future version of numpy, it will be understood as (type, (1,)) / '(1,)type'.
  _np_qint8 = np.dtype([("qint8", np.int8, 1)])
/usr/local/lib/python3.6/dist-packages/tensorboard/compat/tensorflow_stub/dtypes.py:542: FutureWarning: Passing (type, 1) or '1type' as a synonym of type is deprecated; in a future version of numpy, it will be understood as (type, (1,)) / '(1,)type'.
  _np_quint8 = np.dtype([("quint8", np.uint8, 1)])
/usr/local/lib/python3.6/dist-packages/tensorboard/compat/tensorflow_stub/dtypes.py:543: FutureWarning: Passing (type, 1) or '1type' as a synonym of type is deprecated; in a future version of numpy, it will be understood as (type, (1,)) / '(1,)type'.
  _np_qint16 = np.dtype([("qint16", np.int16, 1)])
/usr/local/lib/python3.6/dist-packages/tensorboard/compat/tensorflow_stub/dtypes.py:544: FutureWarning: Passing (type, 1) or '1type' as a synonym of type is deprecated; in a future version of numpy, it will be understood as (type, (1,)) / '(1,)type'.
  _np_quint16 = np.dtype([("quint16", np.uint16, 1)])
/usr/local/lib/python3.6/dist-packages/tensorboard/compat/tensorflow_stub/dtypes.py:545: FutureWarning: Passing (type, 1) or '1type' as a synonym of type is deprecated; in a future version of numpy, it will be understood as (type, (1,)) / '(1,)type'.
  _np_qint32 = np.dtype([("qint32", np.int32, 1)])
/usr/local/lib/python3.6/dist-packages/tensorboard/compat/tensorflow_stub/dtypes.py:550: FutureWarning: Passing (type, 1) or '1type' as a synonym of type is deprecated; in a future version of numpy, it will be understood as (type, (1,)) / '(1,)type'.
  np_resource = np.dtype([("resource", np.ubyte, 1)])

Done!
Destroying SUT...
Destroying QSL...
Finished destroying SUT.
Finished destroying QSL.
