 input_ids [101, 2029, 5088, 2136, 3421, 1996, 10511, 2012, 3565, 4605, 2753, 1029, 102, 3565, 4605, 2753, 2001, 2019, 2137, 2374, 2208, 2000, 5646, 1996, 3410, 1997, 1996, 2120, 2374, 2223, 1006, 5088, 1007, 2005, 1996, 2325, 2161, 1012, 1996, 2137, 2374, 3034, 1006, 10511, 1007, 3410, 7573, 14169, 3249, 1996, 2120, 2374, 3034, 1006, 22309, 1007, 3410, 3792, 12915, 2484, 1516, 2184, 2000, 7796, 2037, 2353, 3565, 4605, 2516, 1012, 1996, 2208, 2001, 2209, 2006, 2337, 1021, 1010, 2355, 1010, 2012, 11902, 1005, 1055, 3346, 1999, 1996, 2624, 3799, 3016, 2181, 2012, 4203, 10254, 1010, 2662, 1012, 2004, 2023, 2001, 1996, 12951, 3565, 4605, 1010, 1996, 2223, 13155, 1996, 1000, 3585, 5315, 1000, 2007, 2536, 2751, 1011, 11773, 11107, 1010, 2004, 2092, 2004, 8184, 28324, 2075, 1996, 4535, 1997, 10324, 2169, 3565, 4605, 2208, 2007, 3142, 16371, 28990, 2015, 1006, 2104, 2029, 1996, 2208, 2052, 2031, 2042, 2124, 2004, 1000, 3565, 4605, 1048, 1000, 1007, 1010, 2061, 2008, 1996, 8154, 2071, 14500, 3444, 1996, 5640, 16371, 28990, 2015, 2753, 1012, 102, 0, 0, 0, 0, 0, 0, 0, 0, 0, 0, 0, 0, 0, 0, 0, 0, 0, 0, 0, 0, 0, 0, 0, 0, 0, 0, 0, 0, 0, 0, 0, 0, 0, 0, 0, 0, 0, 0, 0, 0, 0, 0, 0, 0, 0, 0, 0, 0, 0, 0, 0, 0, 0, 0, 0, 0, 0, 0, 0, 0, 0, 0, 0, 0, 0, 0, 0, 0, 0, 0, 0, 0, 0, 0, 0, 0, 0, 0, 0, 0, 0, 0, 0, 0, 0, 0, 0, 0, 0, 0, 0, 0, 0, 0, 0, 0, 0, 0, 0, 0, 0, 0, 0, 0, 0, 0, 0, 0, 0, 0, 0, 0, 0, 0, 0, 0, 0, 0, 0, 0, 0, 0, 0, 0, 0, 0, 0, 0, 0, 0, 0, 0, 0, 0, 0, 0, 0, 0, 0, 0, 0, 0, 0, 0, 0, 0, 0, 0, 0, 0, 0, 0, 0, 0, 0, 0, 0, 0, 0, 0, 0, 0, 0, 0, 0, 0, 0, 0, 0, 0, 0, 0, 0, 0, 0, 0, 0, 0, 0, 0, 0, 0, 0, 0, 0, 0, 0, 0, 0, 0, 0, 0, 0, 0, 0, 0, 0, 0, 0, 0, 0, 0, 0, 0, 0, 0, 0, 0, 0, 0, 0, 0, 0]

 output [[ -7.6585326   -7.9197803 ]
 [ -7.4856725   -9.014056  ]
 [ -7.885826    -9.4135685 ]
 [ -8.533152    -9.299022  ]
  input_ids [101, 2029, 5088, 2136, 3421, 1996, 22309, 2012, 3565, 4605, 2753, 1029, 102, 3565, 4605, 2753, 2001, 2019, 2137, 2374, 2208, 2000, 5646, 1996, 3410, 1997, 1996, 2120, 2374, 2223, 1006, 5088, 1007, 2005, 1996, 2325, 2161, 1012, 1996, 2137, 2374, 3034, 1006, 10511, 1007, 3410, 7573, 14169, 3249, 1996, 2120, 2374, 3034, 1006, 22309, 1007, 3410, 3792, 12915, 2484, 1516, 2184, 2000, 7796, 2037, 2353, 3565, 4605, 2516, 1012, 1996, 2208, 2001, 2209, 2006, 2337, 1021, 1010, 2355, 1010, 2012, 11902, 1005, 1055, 3346, 1999, 1996, 2624, 3799, 3016, 2181, 2012, 4203, 10254, 1010, 2662, 1012, 2004, 2023, 2001, 1996, 12951, 3565, 4605, 1010, 1996, 2223, 13155, 1996, 1000, 3585, 5315, 1000, 2007, 2536, 2751, 1011, 11773, 11107, 1010, 2004, 2092, 2004, 8184, 28324, 2075, 1996, 4535, 1997, 10324, 2169, 3565, 4605, 2208, 2007, 3142, 16371, 28990, 2015, 1006, 2104, 2029, 1996, 2208, 2052, 2031, 2042, 2124, 2004, 1000, 3565, 4605, 1048, 1000, 1007, 1010, 2061, 2008, 1996, 8154, 2071, 14500, 3444, 1996, 5640, 16371, 28990, 2015, 2753, 1012, 102, 0, 0, 0, 0, 0, 0, 0, 0, 0, 0, 0, 0, 0, 0, 0, 0, 0, 0, 0, 0, 0, 0, 0, 0, 0, 0, 0, 0, 0, 0, 0, 0, 0, 0, 0, 0, 0, 0, 0, 0, 0, 0, 0, 0, 0, 0, 0, 0, 0, 0, 0, 0, 0, 0, 0, 0, 0, 0, 0, 0, 0, 0, 0, 0, 0, 0, 0, 0, 0, 0, 0, 0, 0, 0, 0, 0, 0, 0, 0, 0, 0, 0, 0, 0, 0, 0, 0, 0, 0, 0, 0, 0, 0, 0, 0, 0, 0, 0, 0, 0, 0, 0, 0, 0, 0, 0, 0, 0, 0, 0, 0, 0, 0, 0, 0, 0, 0, 0, 0, 0, 0, 0, 0, 0, 0, 0, 0, 0, 0, 0, 0, 0, 0, 0, 0, 0, 0, 0, 0, 0, 0, 0, 0, 0, 0, 0, 0, 0, 0, 0, 0, 0, 0, 0, 0, 0, 0, 0, 0, 0, 0, 0, 0, 0, 0, 0, 0, 0, 0, 0, 0, 0, 0, 0, 0, 0, 0, 0, 0, 0, 0, 0, 0, 0, 0, 0, 0, 0, 0, 0, 0, 0, 0, 0, 0, 0, 0, 0, 0, 0, 0, 0, 0, 0, 0, 0, 0, 0, 0, 0, 0, 0, 0]

 output [[ -6.944847   -7.307911 ]
 [ -7.7732654  -9.125974 ]
 [ -7.9559503  -9.234401 ]
 [ -8.3537035  -9.010875 ]
 [ -8.584804   -9.357471 ]
 [ -6.8401575  -7.9522376]
 [ -7.065264   -6.425598 ]
 [ -9.144115   -9.2912855]
